ite,time,q,z,solver,attacker,|Q|,|X|,|T|,rho,k,utility_time,params_solver_dict,scaled_eu
0,15,16.7840461513,"[2, 28, 19, 19, 3, 18, 14, 23, 27, 13]",RME,rep,10,30,10,0.9500000000000001,10000,50.1671638489,"{'APS': {'cooling_schedule': array([     1,     11,     21, ..., 999971, 999981, 999991])}, 'MCTS': {'RS_iters': 5000, 'mcts_iters': 100, 'eps': 0.05, 'lr': 0.1, 'flag': 'MCTS'}, 'SA': {'RS_iters': 5000, 'sa_iters': 100, 'eps': 0.05, 'lr': 0.1, 'flag': 'SA'}, 'RME': {'N': 100}}",-9.2159538487
0,30,18.2613181699,"[6, 3, 6, 12, 6, 4, 14, 4, 13, 15]",RME,rep,10,30,10,0.9500000000000001,10000,64.6681835651,"{'APS': {'cooling_schedule': array([     1,     11,     21, ..., 999971, 999981, 999991])}, 'MCTS': {'RS_iters': 5000, 'mcts_iters': 100, 'eps': 0.05, 'lr': 0.1, 'flag': 'MCTS'}, 'SA': {'RS_iters': 5000, 'sa_iters': 100, 'eps': 0.05, 'lr': 0.1, 'flag': 'SA'}, 'RME': {'N': 100}}",-7.7386818301
0,45,17.1099999041,"[6, 17, 13, 27, 6, 29, 7, 10, 11, 25]",RME,rep,10,30,10,0.9500000000000001,10000,82.601418972,"{'APS': {'cooling_schedule': array([     1,     11,     21, ..., 999971, 999981, 999991])}, 'MCTS': {'RS_iters': 5000, 'mcts_iters': 100, 'eps': 0.05, 'lr': 0.1, 'flag': 'MCTS'}, 'SA': {'RS_iters': 5000, 'sa_iters': 100, 'eps': 0.05, 'lr': 0.1, 'flag': 'SA'}, 'RME': {'N': 100}}",-8.8900000959
0,60,18.0021961581,"[20, 9, 26, 19, 20, 24, 24, 17, 3, 13]",RME,rep,10,30,10,0.9500000000000001,10000,96.6114966869,"{'APS': {'cooling_schedule': array([     1,     11,     21, ..., 999971, 999981, 999991])}, 'MCTS': {'RS_iters': 5000, 'mcts_iters': 100, 'eps': 0.05, 'lr': 0.1, 'flag': 'MCTS'}, 'SA': {'RS_iters': 5000, 'sa_iters': 100, 'eps': 0.05, 'lr': 0.1, 'flag': 'SA'}, 'RME': {'N': 100}}",-7.9978038419
0,75,16.7191771786,"[26, 19, 9, 19, 15, 22, 14, 20, 25, 11]",RME,rep,10,30,10,0.9500000000000001,10000,113.2711052895,"{'APS': {'cooling_schedule': array([     1,     11,     21, ..., 999971, 999981, 999991])}, 'MCTS': {'RS_iters': 5000, 'mcts_iters': 100, 'eps': 0.05, 'lr': 0.1, 'flag': 'MCTS'}, 'SA': {'RS_iters': 5000, 'sa_iters': 100, 'eps': 0.05, 'lr': 0.1, 'flag': 'SA'}, 'RME': {'N': 100}}",-9.2808228214
0,90,17.3102191026,"[1, 15, 24, 21, 9, 5, 26, 25, 11, 28]",RME,rep,10,30,10,0.9500000000000001,10000,127.2429196835,"{'APS': {'cooling_schedule': array([     1,     11,     21, ..., 999971, 999981, 999991])}, 'MCTS': {'RS_iters': 5000, 'mcts_iters': 100, 'eps': 0.05, 'lr': 0.1, 'flag': 'MCTS'}, 'SA': {'RS_iters': 5000, 'sa_iters': 100, 'eps': 0.05, 'lr': 0.1, 'flag': 'SA'}, 'RME': {'N': 100}}",-8.6897808974
0,105,17.7931427337,"[3, 9, 3, 23, 14, 24, 20, 19, 3, 10]",RME,rep,10,30,10,0.9500000000000001,10000,142.4522013664,"{'APS': {'cooling_schedule': array([     1,     11,     21, ..., 999971, 999981, 999991])}, 'MCTS': {'RS_iters': 5000, 'mcts_iters': 100, 'eps': 0.05, 'lr': 0.1, 'flag': 'MCTS'}, 'SA': {'RS_iters': 5000, 'sa_iters': 100, 'eps': 0.05, 'lr': 0.1, 'flag': 'SA'}, 'RME': {'N': 100}}",-8.2068572663
0,120,17.1673120572,"[8, 9, 25, 7, 14, 17, 12, 4, 2, 0]",RME,rep,10,30,10,0.9500000000000001,10000,158.0046598911,"{'APS': {'cooling_schedule': array([     1,     11,     21, ..., 999971, 999981, 999991])}, 'MCTS': {'RS_iters': 5000, 'mcts_iters': 100, 'eps': 0.05, 'lr': 0.1, 'flag': 'MCTS'}, 'SA': {'RS_iters': 5000, 'sa_iters': 100, 'eps': 0.05, 'lr': 0.1, 'flag': 'SA'}, 'RME': {'N': 100}}",-8.8326879428
0,135,17.4212211726,"[6, 9, 18, 17, 19, 4, 18, 19, 10, 28]",RME,rep,10,30,10,0.9500000000000001,10000,173.2437427044,"{'APS': {'cooling_schedule': array([     1,     11,     21, ..., 999971, 999981, 999991])}, 'MCTS': {'RS_iters': 5000, 'mcts_iters': 100, 'eps': 0.05, 'lr': 0.1, 'flag': 'MCTS'}, 'SA': {'RS_iters': 5000, 'sa_iters': 100, 'eps': 0.05, 'lr': 0.1, 'flag': 'SA'}, 'RME': {'N': 100}}",-8.5787788274
0,150,17.7020875363,"[14, 9, 3, 19, 7, 15, 5, 10, 6, 19]",RME,rep,10,30,10,0.9500000000000001,10000,187.7977540493,"{'APS': {'cooling_schedule': array([     1,     11,     21, ..., 999971, 999981, 999991])}, 'MCTS': {'RS_iters': 5000, 'mcts_iters': 100, 'eps': 0.05, 'lr': 0.1, 'flag': 'MCTS'}, 'SA': {'RS_iters': 5000, 'sa_iters': 100, 'eps': 0.05, 'lr': 0.1, 'flag': 'SA'}, 'RME': {'N': 100}}",-8.2979124637
0,165,17.5830825496,"[6, 15, 14, 1, 12, 17, 9, 15, 11, 11]",RME,rep,10,30,10,0.9500000000000001,10000,200.1150112152,"{'APS': {'cooling_schedule': array([     1,     11,     21, ..., 999971, 999981, 999991])}, 'MCTS': {'RS_iters': 5000, 'mcts_iters': 100, 'eps': 0.05, 'lr': 0.1, 'flag': 'MCTS'}, 'SA': {'RS_iters': 5000, 'sa_iters': 100, 'eps': 0.05, 'lr': 0.1, 'flag': 'SA'}, 'RME': {'N': 100}}",-8.4169174504
0,180,17.2232245067,"[3, 15, 16, 19, 20, 23, 14, 22, 27, 21]",RME,rep,10,30,10,0.9500000000000001,10000,214.6057775021,"{'APS': {'cooling_schedule': array([     1,     11,     21, ..., 999971, 999981, 999991])}, 'MCTS': {'RS_iters': 5000, 'mcts_iters': 100, 'eps': 0.05, 'lr': 0.1, 'flag': 'MCTS'}, 'SA': {'RS_iters': 5000, 'sa_iters': 100, 'eps': 0.05, 'lr': 0.1, 'flag': 'SA'}, 'RME': {'N': 100}}",-8.7767754933
0,195,17.3949855956,"[11, 23, 3, 19, 29, 25, 26, 5, 6, 9]",RME,rep,10,30,10,0.9500000000000001,10000,232.511603117,"{'APS': {'cooling_schedule': array([     1,     11,     21, ..., 999971, 999981, 999991])}, 'MCTS': {'RS_iters': 5000, 'mcts_iters': 100, 'eps': 0.05, 'lr': 0.1, 'flag': 'MCTS'}, 'SA': {'RS_iters': 5000, 'sa_iters': 100, 'eps': 0.05, 'lr': 0.1, 'flag': 'SA'}, 'RME': {'N': 100}}",-8.6050144044
0,210,17.0572876456,"[29, 1, 3, 16, 6, 25, 14, 19, 18, 10]",RME,rep,10,30,10,0.9500000000000001,10000,246.7210111618,"{'APS': {'cooling_schedule': array([     1,     11,     21, ..., 999971, 999981, 999991])}, 'MCTS': {'RS_iters': 5000, 'mcts_iters': 100, 'eps': 0.05, 'lr': 0.1, 'flag': 'MCTS'}, 'SA': {'RS_iters': 5000, 'sa_iters': 100, 'eps': 0.05, 'lr': 0.1, 'flag': 'SA'}, 'RME': {'N': 100}}",-8.9427123544
0,225,17.5492168879,"[6, 9, 14, 3, 12, 25, 5, 9, 28, 3]",RME,rep,10,30,10,0.9500000000000001,10000,263.3591911793,"{'APS': {'cooling_schedule': array([     1,     11,     21, ..., 999971, 999981, 999991])}, 'MCTS': {'RS_iters': 5000, 'mcts_iters': 100, 'eps': 0.05, 'lr': 0.1, 'flag': 'MCTS'}, 'SA': {'RS_iters': 5000, 'sa_iters': 100, 'eps': 0.05, 'lr': 0.1, 'flag': 'SA'}, 'RME': {'N': 100}}",-8.4507831121
0,240,17.5139310592,"[12, 15, 26, 19, 29, 5, 1, 25, 19, 28]",RME,rep,10,30,10,0.9500000000000001,10000,277.3275866508,"{'APS': {'cooling_schedule': array([     1,     11,     21, ..., 999971, 999981, 999991])}, 'MCTS': {'RS_iters': 5000, 'mcts_iters': 100, 'eps': 0.05, 'lr': 0.1, 'flag': 'MCTS'}, 'SA': {'RS_iters': 5000, 'sa_iters': 100, 'eps': 0.05, 'lr': 0.1, 'flag': 'SA'}, 'RME': {'N': 100}}",-8.4860689408
0,255,17.3990866425,"[20, 19, 22, 22, 13, 18, 28, 4, 13, 28]",RME,rep,10,30,10,0.9500000000000001,10000,292.2685515881,"{'APS': {'cooling_schedule': array([     1,     11,     21, ..., 999971, 999981, 999991])}, 'MCTS': {'RS_iters': 5000, 'mcts_iters': 100, 'eps': 0.05, 'lr': 0.1, 'flag': 'MCTS'}, 'SA': {'RS_iters': 5000, 'sa_iters': 100, 'eps': 0.05, 'lr': 0.1, 'flag': 'SA'}, 'RME': {'N': 100}}",-8.6009133575
0,270,17.2170643553,"[8, 14, 28, 6, 12, 2, 11, 11, 11, 28]",RME,rep,10,30,10,0.9500000000000001,10000,307.8844575882,"{'APS': {'cooling_schedule': array([     1,     11,     21, ..., 999971, 999981, 999991])}, 'MCTS': {'RS_iters': 5000, 'mcts_iters': 100, 'eps': 0.05, 'lr': 0.1, 'flag': 'MCTS'}, 'SA': {'RS_iters': 5000, 'sa_iters': 100, 'eps': 0.05, 'lr': 0.1, 'flag': 'SA'}, 'RME': {'N': 100}}",-8.7829356447
0,285,17.8541357222,"[17, 19, 3, 5, 2, 18, 6, 28, 11, 28]",RME,rep,10,30,10,0.9500000000000001,10000,323.0427651405,"{'APS': {'cooling_schedule': array([     1,     11,     21, ..., 999971, 999981, 999991])}, 'MCTS': {'RS_iters': 5000, 'mcts_iters': 100, 'eps': 0.05, 'lr': 0.1, 'flag': 'MCTS'}, 'SA': {'RS_iters': 5000, 'sa_iters': 100, 'eps': 0.05, 'lr': 0.1, 'flag': 'SA'}, 'RME': {'N': 100}}",-8.1458642778
0,300,17.3552468202,"[2, 19, 3, 3, 18, 20, 1, 7, 28, 28]",RME,rep,10,30,10,0.9500000000000001,10000,337.7610199451,"{'APS': {'cooling_schedule': array([     1,     11,     21, ..., 999971, 999981, 999991])}, 'MCTS': {'RS_iters': 5000, 'mcts_iters': 100, 'eps': 0.05, 'lr': 0.1, 'flag': 'MCTS'}, 'SA': {'RS_iters': 5000, 'sa_iters': 100, 'eps': 0.05, 'lr': 0.1, 'flag': 'SA'}, 'RME': {'N': 100}}",-8.6447531798
0,315,17.6230677183,"[6, 9, 3, 15, 29, 7, 16, 27, 24, 13]",RME,rep,10,30,10,0.9500000000000001,10000,350.3640909195,"{'APS': {'cooling_schedule': array([     1,     11,     21, ..., 999971, 999981, 999991])}, 'MCTS': {'RS_iters': 5000, 'mcts_iters': 100, 'eps': 0.05, 'lr': 0.1, 'flag': 'MCTS'}, 'SA': {'RS_iters': 5000, 'sa_iters': 100, 'eps': 0.05, 'lr': 0.1, 'flag': 'SA'}, 'RME': {'N': 100}}",-8.3769322817
0,330,18.0549307596,"[13, 9, 20, 25, 2, 17, 28, 12, 11, 28]",RME,rep,10,30,10,0.9500000000000001,10000,364.6008505821,"{'APS': {'cooling_schedule': array([     1,     11,     21, ..., 999971, 999981, 999991])}, 'MCTS': {'RS_iters': 5000, 'mcts_iters': 100, 'eps': 0.05, 'lr': 0.1, 'flag': 'MCTS'}, 'SA': {'RS_iters': 5000, 'sa_iters': 100, 'eps': 0.05, 'lr': 0.1, 'flag': 'SA'}, 'RME': {'N': 100}}",-7.9450692404000005
0,345,17.3385790309,"[1, 4, 4, 19, 20, 0, 0, 12, 2, 28]",RME,rep,10,30,10,0.9500000000000001,10000,382.4160602093,"{'APS': {'cooling_schedule': array([     1,     11,     21, ..., 999971, 999981, 999991])}, 'MCTS': {'RS_iters': 5000, 'mcts_iters': 100, 'eps': 0.05, 'lr': 0.1, 'flag': 'MCTS'}, 'SA': {'RS_iters': 5000, 'sa_iters': 100, 'eps': 0.05, 'lr': 0.1, 'flag': 'SA'}, 'RME': {'N': 100}}",-8.6614209691
0,360,17.9759219056,"[29, 9, 26, 19, 6, 24, 10, 18, 25, 23]",RME,rep,10,30,10,0.9500000000000001,10000,396.8742375374,"{'APS': {'cooling_schedule': array([     1,     11,     21, ..., 999971, 999981, 999991])}, 'MCTS': {'RS_iters': 5000, 'mcts_iters': 100, 'eps': 0.05, 'lr': 0.1, 'flag': 'MCTS'}, 'SA': {'RS_iters': 5000, 'sa_iters': 100, 'eps': 0.05, 'lr': 0.1, 'flag': 'SA'}, 'RME': {'N': 100}}",-8.0240780944
0,375,18.5584211556,"[7, 9, 11, 1, 6, 27, 21, 22, 11, 28]",RME,rep,10,30,10,0.9500000000000001,10000,413.4820411205,"{'APS': {'cooling_schedule': array([     1,     11,     21, ..., 999971, 999981, 999991])}, 'MCTS': {'RS_iters': 5000, 'mcts_iters': 100, 'eps': 0.05, 'lr': 0.1, 'flag': 'MCTS'}, 'SA': {'RS_iters': 5000, 'sa_iters': 100, 'eps': 0.05, 'lr': 0.1, 'flag': 'SA'}, 'RME': {'N': 100}}",-7.4415788444
0,390,18.2282050071,"[0, 9, 3, 20, 29, 24, 0, 15, 17, 17]",RME,rep,10,30,10,0.9500000000000001,10000,427.3320322037,"{'APS': {'cooling_schedule': array([     1,     11,     21, ..., 999971, 999981, 999991])}, 'MCTS': {'RS_iters': 5000, 'mcts_iters': 100, 'eps': 0.05, 'lr': 0.1, 'flag': 'MCTS'}, 'SA': {'RS_iters': 5000, 'sa_iters': 100, 'eps': 0.05, 'lr': 0.1, 'flag': 'SA'}, 'RME': {'N': 100}}",-7.7717949929
0,405,17.6486775526,"[6, 9, 18, 20, 14, 10, 13, 1, 7, 23]",RME,rep,10,30,10,0.9500000000000001,10000,442.2469761372,"{'APS': {'cooling_schedule': array([     1,     11,     21, ..., 999971, 999981, 999991])}, 'MCTS': {'RS_iters': 5000, 'mcts_iters': 100, 'eps': 0.05, 'lr': 0.1, 'flag': 'MCTS'}, 'SA': {'RS_iters': 5000, 'sa_iters': 100, 'eps': 0.05, 'lr': 0.1, 'flag': 'SA'}, 'RME': {'N': 100}}",-8.3513224474
0,420,17.2291137282,"[6, 15, 21, 19, 29, 0, 27, 20, 27, 25]",RME,rep,10,30,10,0.9500000000000001,10000,457.575289011,"{'APS': {'cooling_schedule': array([     1,     11,     21, ..., 999971, 999981, 999991])}, 'MCTS': {'RS_iters': 5000, 'mcts_iters': 100, 'eps': 0.05, 'lr': 0.1, 'flag': 'MCTS'}, 'SA': {'RS_iters': 5000, 'sa_iters': 100, 'eps': 0.05, 'lr': 0.1, 'flag': 'SA'}, 'RME': {'N': 100}}",-8.7708862718
0,435,18.0953894627,"[6, 9, 13, 1, 11, 23, 14, 10, 19, 29]",RME,rep,10,30,10,0.9500000000000001,10000,472.8835968971,"{'APS': {'cooling_schedule': array([     1,     11,     21, ..., 999971, 999981, 999991])}, 'MCTS': {'RS_iters': 5000, 'mcts_iters': 100, 'eps': 0.05, 'lr': 0.1, 'flag': 'MCTS'}, 'SA': {'RS_iters': 5000, 'sa_iters': 100, 'eps': 0.05, 'lr': 0.1, 'flag': 'SA'}, 'RME': {'N': 100}}",-7.9046105373
0,450,18.4127779993,"[9, 9, 16, 4, 29, 15, 9, 28, 11, 28]",RME,rep,10,30,10,0.9500000000000001,10000,487.79431915279997,"{'APS': {'cooling_schedule': array([     1,     11,     21, ..., 999971, 999981, 999991])}, 'MCTS': {'RS_iters': 5000, 'mcts_iters': 100, 'eps': 0.05, 'lr': 0.1, 'flag': 'MCTS'}, 'SA': {'RS_iters': 5000, 'sa_iters': 100, 'eps': 0.05, 'lr': 0.1, 'flag': 'SA'}, 'RME': {'N': 100}}",-7.5872220007
0,465,18.2236922511,"[21, 27, 3, 11, 6, 17, 14, 5, 11, 9]",RME,rep,10,30,10,0.9500000000000001,10000,500.298504591,"{'APS': {'cooling_schedule': array([     1,     11,     21, ..., 999971, 999981, 999991])}, 'MCTS': {'RS_iters': 5000, 'mcts_iters': 100, 'eps': 0.05, 'lr': 0.1, 'flag': 'MCTS'}, 'SA': {'RS_iters': 5000, 'sa_iters': 100, 'eps': 0.05, 'lr': 0.1, 'flag': 'SA'}, 'RME': {'N': 100}}",-7.7763077489
0,480,17.7515924719,"[4, 13, 4, 19, 15, 17, 24, 4, 11, 23]",RME,rep,10,30,10,0.9500000000000001,10000,514.8502168655,"{'APS': {'cooling_schedule': array([     1,     11,     21, ..., 999971, 999981, 999991])}, 'MCTS': {'RS_iters': 5000, 'mcts_iters': 100, 'eps': 0.05, 'lr': 0.1, 'flag': 'MCTS'}, 'SA': {'RS_iters': 5000, 'sa_iters': 100, 'eps': 0.05, 'lr': 0.1, 'flag': 'SA'}, 'RME': {'N': 100}}",-8.2484075281
0,495,18.1148328917,"[6, 9, 21, 9, 14, 12, 14, 11, 14, 23]",RME,rep,10,30,10,0.9500000000000001,10000,532.4267451763,"{'APS': {'cooling_schedule': array([     1,     11,     21, ..., 999971, 999981, 999991])}, 'MCTS': {'RS_iters': 5000, 'mcts_iters': 100, 'eps': 0.05, 'lr': 0.1, 'flag': 'MCTS'}, 'SA': {'RS_iters': 5000, 'sa_iters': 100, 'eps': 0.05, 'lr': 0.1, 'flag': 'SA'}, 'RME': {'N': 100}}",-7.8851671083
0,510,18.4823398626,"[6, 8, 21, 6, 12, 5, 14, 4, 2, 29]",RME,rep,10,30,10,0.9500000000000001,10000,546.8283312321,"{'APS': {'cooling_schedule': array([     1,     11,     21, ..., 999971, 999981, 999991])}, 'MCTS': {'RS_iters': 5000, 'mcts_iters': 100, 'eps': 0.05, 'lr': 0.1, 'flag': 'MCTS'}, 'SA': {'RS_iters': 5000, 'sa_iters': 100, 'eps': 0.05, 'lr': 0.1, 'flag': 'SA'}, 'RME': {'N': 100}}",-7.5176601374
0,525,17.6009473573,"[29, 1, 3, 19, 3, 23, 14, 8, 1, 7]",RME,rep,10,30,10,0.9500000000000001,10000,563.5820269585,"{'APS': {'cooling_schedule': array([     1,     11,     21, ..., 999971, 999981, 999991])}, 'MCTS': {'RS_iters': 5000, 'mcts_iters': 100, 'eps': 0.05, 'lr': 0.1, 'flag': 'MCTS'}, 'SA': {'RS_iters': 5000, 'sa_iters': 100, 'eps': 0.05, 'lr': 0.1, 'flag': 'SA'}, 'RME': {'N': 100}}",-8.3990526427
0,540,18.7358299142,"[2, 10, 3, 19, 24, 2, 14, 4, 18, 11]",RME,rep,10,30,10,0.9500000000000001,10000,577.5787217617,"{'APS': {'cooling_schedule': array([     1,     11,     21, ..., 999971, 999981, 999991])}, 'MCTS': {'RS_iters': 5000, 'mcts_iters': 100, 'eps': 0.05, 'lr': 0.1, 'flag': 'MCTS'}, 'SA': {'RS_iters': 5000, 'sa_iters': 100, 'eps': 0.05, 'lr': 0.1, 'flag': 'SA'}, 'RME': {'N': 100}}",-7.2641700858
0,555,19.1841310788,"[28, 9, 12, 19, 13, 11, 27, 4, 25, 28]",RME,rep,10,30,10,0.9500000000000001,10000,592.2123336792,"{'APS': {'cooling_schedule': array([     1,     11,     21, ..., 999971, 999981, 999991])}, 'MCTS': {'RS_iters': 5000, 'mcts_iters': 100, 'eps': 0.05, 'lr': 0.1, 'flag': 'MCTS'}, 'SA': {'RS_iters': 5000, 'sa_iters': 100, 'eps': 0.05, 'lr': 0.1, 'flag': 'SA'}, 'RME': {'N': 100}}",-6.8158689212
0,570,17.4248859135,"[4, 15, 3, 9, 12, 19, 6, 29, 11, 10]",RME,rep,10,30,10,0.9500000000000001,10000,607.8175890446,"{'APS': {'cooling_schedule': array([     1,     11,     21, ..., 999971, 999981, 999991])}, 'MCTS': {'RS_iters': 5000, 'mcts_iters': 100, 'eps': 0.05, 'lr': 0.1, 'flag': 'MCTS'}, 'SA': {'RS_iters': 5000, 'sa_iters': 100, 'eps': 0.05, 'lr': 0.1, 'flag': 'SA'}, 'RME': {'N': 100}}",-8.5751140865
0,585,18.6096428141,"[8, 29, 3, 19, 2, 24, 2, 24, 11, 11]",RME,rep,10,30,10,0.9500000000000001,10000,622.7471659184,"{'APS': {'cooling_schedule': array([     1,     11,     21, ..., 999971, 999981, 999991])}, 'MCTS': {'RS_iters': 5000, 'mcts_iters': 100, 'eps': 0.05, 'lr': 0.1, 'flag': 'MCTS'}, 'SA': {'RS_iters': 5000, 'sa_iters': 100, 'eps': 0.05, 'lr': 0.1, 'flag': 'SA'}, 'RME': {'N': 100}}",-7.3903571859
0,600,18.0730178823,"[7, 19, 24, 20, 28, 14, 14, 4, 27, 28]",RME,rep,10,30,10,0.9500000000000001,10000,637.7686975002,"{'APS': {'cooling_schedule': array([     1,     11,     21, ..., 999971, 999981, 999991])}, 'MCTS': {'RS_iters': 5000, 'mcts_iters': 100, 'eps': 0.05, 'lr': 0.1, 'flag': 'MCTS'}, 'SA': {'RS_iters': 5000, 'sa_iters': 100, 'eps': 0.05, 'lr': 0.1, 'flag': 'SA'}, 'RME': {'N': 100}}",-7.9269821177
0,615,18.2994621707,"[16, 17, 1, 4, 24, 10, 14, 25, 11, 28]",RME,rep,10,30,10,0.9500000000000001,10000,650.0968587399,"{'APS': {'cooling_schedule': array([     1,     11,     21, ..., 999971, 999981, 999991])}, 'MCTS': {'RS_iters': 5000, 'mcts_iters': 100, 'eps': 0.05, 'lr': 0.1, 'flag': 'MCTS'}, 'SA': {'RS_iters': 5000, 'sa_iters': 100, 'eps': 0.05, 'lr': 0.1, 'flag': 'SA'}, 'RME': {'N': 100}}",-7.7005378293
0,630,18.1869518678,"[7, 9, 12, 8, 7, 10, 14, 21, 11, 11]",RME,rep,10,30,10,0.9500000000000001,10000,664.6505863667,"{'APS': {'cooling_schedule': array([     1,     11,     21, ..., 999971, 999981, 999991])}, 'MCTS': {'RS_iters': 5000, 'mcts_iters': 100, 'eps': 0.05, 'lr': 0.1, 'flag': 'MCTS'}, 'SA': {'RS_iters': 5000, 'sa_iters': 100, 'eps': 0.05, 'lr': 0.1, 'flag': 'SA'}, 'RME': {'N': 100}}",-7.8130481322000005
0,645,18.0526878698,"[0, 6, 19, 19, 13, 13, 14, 4, 15, 21]",RME,rep,10,30,10,0.9500000000000001,10000,682.1355061531,"{'APS': {'cooling_schedule': array([     1,     11,     21, ..., 999971, 999981, 999991])}, 'MCTS': {'RS_iters': 5000, 'mcts_iters': 100, 'eps': 0.05, 'lr': 0.1, 'flag': 'MCTS'}, 'SA': {'RS_iters': 5000, 'sa_iters': 100, 'eps': 0.05, 'lr': 0.1, 'flag': 'SA'}, 'RME': {'N': 100}}",-7.9473121302
0,660,18.1398175048,"[6, 24, 3, 19, 12, 8, 25, 26, 1, 1]",RME,rep,10,30,10,0.9500000000000001,10000,696.3205058575,"{'APS': {'cooling_schedule': array([     1,     11,     21, ..., 999971, 999981, 999991])}, 'MCTS': {'RS_iters': 5000, 'mcts_iters': 100, 'eps': 0.05, 'lr': 0.1, 'flag': 'MCTS'}, 'SA': {'RS_iters': 5000, 'sa_iters': 100, 'eps': 0.05, 'lr': 0.1, 'flag': 'SA'}, 'RME': {'N': 100}}",-7.8601824952
0,675,18.5499999018,"[15, 18, 3, 18, 13, 1, 7, 4, 11, 13]",RME,rep,10,30,10,0.9500000000000001,10000,712.8660783768,"{'APS': {'cooling_schedule': array([     1,     11,     21, ..., 999971, 999981, 999991])}, 'MCTS': {'RS_iters': 5000, 'mcts_iters': 100, 'eps': 0.05, 'lr': 0.1, 'flag': 'MCTS'}, 'SA': {'RS_iters': 5000, 'sa_iters': 100, 'eps': 0.05, 'lr': 0.1, 'flag': 'SA'}, 'RME': {'N': 100}}",-7.4500000982
0,690,19.0233692467,"[24, 9, 3, 25, 20, 23, 14, 4, 5, 16]",RME,rep,10,30,10,0.9500000000000001,10000,726.928763628,"{'APS': {'cooling_schedule': array([     1,     11,     21, ..., 999971, 999981, 999991])}, 'MCTS': {'RS_iters': 5000, 'mcts_iters': 100, 'eps': 0.05, 'lr': 0.1, 'flag': 'MCTS'}, 'SA': {'RS_iters': 5000, 'sa_iters': 100, 'eps': 0.05, 'lr': 0.1, 'flag': 'SA'}, 'RME': {'N': 100}}",-6.9766307533
0,705,17.8510158914,"[6, 9, 6, 18, 4, 4, 19, 4, 5, 12]",RME,rep,10,30,10,0.9500000000000001,10000,741.5777220726,"{'APS': {'cooling_schedule': array([     1,     11,     21, ..., 999971, 999981, 999991])}, 'MCTS': {'RS_iters': 5000, 'mcts_iters': 100, 'eps': 0.05, 'lr': 0.1, 'flag': 'MCTS'}, 'SA': {'RS_iters': 5000, 'sa_iters': 100, 'eps': 0.05, 'lr': 0.1, 'flag': 'SA'}, 'RME': {'N': 100}}",-8.1489841086
0,720,17.6963090321,"[15, 9, 2, 23, 15, 5, 22, 4, 0, 28]",RME,rep,10,30,10,0.9500000000000001,10000,757.1748929024,"{'APS': {'cooling_schedule': array([     1,     11,     21, ..., 999971, 999981, 999991])}, 'MCTS': {'RS_iters': 5000, 'mcts_iters': 100, 'eps': 0.05, 'lr': 0.1, 'flag': 'MCTS'}, 'SA': {'RS_iters': 5000, 'sa_iters': 100, 'eps': 0.05, 'lr': 0.1, 'flag': 'SA'}, 'RME': {'N': 100}}",-8.3036909679
0,735,17.9700312785,"[4, 9, 27, 18, 9, 0, 24, 8, 11, 28]",RME,rep,10,30,10,0.9500000000000001,10000,772.2148487568,"{'APS': {'cooling_schedule': array([     1,     11,     21, ..., 999971, 999981, 999991])}, 'MCTS': {'RS_iters': 5000, 'mcts_iters': 100, 'eps': 0.05, 'lr': 0.1, 'flag': 'MCTS'}, 'SA': {'RS_iters': 5000, 'sa_iters': 100, 'eps': 0.05, 'lr': 0.1, 'flag': 'SA'}, 'RME': {'N': 100}}",-8.0299687215
0,750,18.5066527495,"[6, 9, 3, 17, 6, 24, 22, 18, 4, 14]",RME,rep,10,30,10,0.9500000000000001,10000,787.451280117,"{'APS': {'cooling_schedule': array([     1,     11,     21, ..., 999971, 999981, 999991])}, 'MCTS': {'RS_iters': 5000, 'mcts_iters': 100, 'eps': 0.05, 'lr': 0.1, 'flag': 'MCTS'}, 'SA': {'RS_iters': 5000, 'sa_iters': 100, 'eps': 0.05, 'lr': 0.1, 'flag': 'SA'}, 'RME': {'N': 100}}",-7.4933472505
0,765,18.5028650452,"[6, 0, 12, 19, 20, 5, 5, 13, 5, 28]",RME,rep,10,30,10,0.9500000000000001,10000,800.1476659775,"{'APS': {'cooling_schedule': array([     1,     11,     21, ..., 999971, 999981, 999991])}, 'MCTS': {'RS_iters': 5000, 'mcts_iters': 100, 'eps': 0.05, 'lr': 0.1, 'flag': 'MCTS'}, 'SA': {'RS_iters': 5000, 'sa_iters': 100, 'eps': 0.05, 'lr': 0.1, 'flag': 'SA'}, 'RME': {'N': 100}}",-7.4971349548
0,780,19.1548050132,"[6, 18, 3, 24, 2, 5, 21, 4, 11, 16]",RME,rep,10,30,10,0.9500000000000001,10000,814.5681567192,"{'APS': {'cooling_schedule': array([     1,     11,     21, ..., 999971, 999981, 999991])}, 'MCTS': {'RS_iters': 5000, 'mcts_iters': 100, 'eps': 0.05, 'lr': 0.1, 'flag': 'MCTS'}, 'SA': {'RS_iters': 5000, 'sa_iters': 100, 'eps': 0.05, 'lr': 0.1, 'flag': 'SA'}, 'RME': {'N': 100}}",-6.8451949868
0,795,18.2006315397,"[17, 9, 10, 2, 14, 20, 14, 4, 2, 27]",RME,rep,10,30,10,0.9500000000000001,10000,832.3092651367,"{'APS': {'cooling_schedule': array([     1,     11,     21, ..., 999971, 999981, 999991])}, 'MCTS': {'RS_iters': 5000, 'mcts_iters': 100, 'eps': 0.05, 'lr': 0.1, 'flag': 'MCTS'}, 'SA': {'RS_iters': 5000, 'sa_iters': 100, 'eps': 0.05, 'lr': 0.1, 'flag': 'SA'}, 'RME': {'N': 100}}",-7.7993684603
0,810,18.4926263813,"[16, 7, 0, 19, 14, 4, 14, 4, 3, 5]",RME,rep,10,30,10,0.9500000000000001,10000,846.2779643536,"{'APS': {'cooling_schedule': array([     1,     11,     21, ..., 999971, 999981, 999991])}, 'MCTS': {'RS_iters': 5000, 'mcts_iters': 100, 'eps': 0.05, 'lr': 0.1, 'flag': 'MCTS'}, 'SA': {'RS_iters': 5000, 'sa_iters': 100, 'eps': 0.05, 'lr': 0.1, 'flag': 'SA'}, 'RME': {'N': 100}}",-7.5073736187
0,825,17.3330258264,"[6, 18, 4, 11, 13, 22, 28, 20, 1, 28]",RME,rep,10,30,10,0.9500000000000001,10000,862.8187584877,"{'APS': {'cooling_schedule': array([     1,     11,     21, ..., 999971, 999981, 999991])}, 'MCTS': {'RS_iters': 5000, 'mcts_iters': 100, 'eps': 0.05, 'lr': 0.1, 'flag': 'MCTS'}, 'SA': {'RS_iters': 5000, 'sa_iters': 100, 'eps': 0.05, 'lr': 0.1, 'flag': 'SA'}, 'RME': {'N': 100}}",-8.6669741736
0,840,18.2865134224,"[6, 7, 3, 4, 14, 12, 3, 4, 9, 4]",RME,rep,10,30,10,0.9500000000000001,10000,876.7787013054,"{'APS': {'cooling_schedule': array([     1,     11,     21, ..., 999971, 999981, 999991])}, 'MCTS': {'RS_iters': 5000, 'mcts_iters': 100, 'eps': 0.05, 'lr': 0.1, 'flag': 'MCTS'}, 'SA': {'RS_iters': 5000, 'sa_iters': 100, 'eps': 0.05, 'lr': 0.1, 'flag': 'SA'}, 'RME': {'N': 100}}",-7.7134865776
0,855,18.0413091032,"[6, 24, 6, 8, 13, 13, 29, 6, 11, 28]",RME,rep,10,30,10,0.9500000000000001,10000,891.9625678062,"{'APS': {'cooling_schedule': array([     1,     11,     21, ..., 999971, 999981, 999991])}, 'MCTS': {'RS_iters': 5000, 'mcts_iters': 100, 'eps': 0.05, 'lr': 0.1, 'flag': 'MCTS'}, 'SA': {'RS_iters': 5000, 'sa_iters': 100, 'eps': 0.05, 'lr': 0.1, 'flag': 'SA'}, 'RME': {'N': 100}}",-7.9586908968
0,870,19.1932557634,"[6, 28, 18, 23, 6, 23, 14, 4, 11, 19]",RME,rep,10,30,10,0.9500000000000001,10000,907.3389172554,"{'APS': {'cooling_schedule': array([     1,     11,     21, ..., 999971, 999981, 999991])}, 'MCTS': {'RS_iters': 5000, 'mcts_iters': 100, 'eps': 0.05, 'lr': 0.1, 'flag': 'MCTS'}, 'SA': {'RS_iters': 5000, 'sa_iters': 100, 'eps': 0.05, 'lr': 0.1, 'flag': 'SA'}, 'RME': {'N': 100}}",-6.8067442366
0,885,18.3152400521,"[8, 10, 28, 1, 12, 26, 14, 4, 4, 28]",RME,rep,10,30,10,0.9500000000000001,10000,922.5469617844,"{'APS': {'cooling_schedule': array([     1,     11,     21, ..., 999971, 999981, 999991])}, 'MCTS': {'RS_iters': 5000, 'mcts_iters': 100, 'eps': 0.05, 'lr': 0.1, 'flag': 'MCTS'}, 'SA': {'RS_iters': 5000, 'sa_iters': 100, 'eps': 0.05, 'lr': 0.1, 'flag': 'SA'}, 'RME': {'N': 100}}",-7.6847599479
0,900,18.2791700851,"[24, 4, 3, 3, 12, 8, 14, 4, 12, 9]",RME,rep,10,30,10,0.9500000000000001,10000,937.0085570812,"{'APS': {'cooling_schedule': array([     1,     11,     21, ..., 999971, 999981, 999991])}, 'MCTS': {'RS_iters': 5000, 'mcts_iters': 100, 'eps': 0.05, 'lr': 0.1, 'flag': 'MCTS'}, 'SA': {'RS_iters': 5000, 'sa_iters': 100, 'eps': 0.05, 'lr': 0.1, 'flag': 'SA'}, 'RME': {'N': 100}}",-7.7208299149
0,915,18.822431296,"[6, 28, 3, 1, 9, 23, 12, 4, 6, 28]",RME,rep,10,30,10,0.9500000000000001,10000,950.0529925823,"{'APS': {'cooling_schedule': array([     1,     11,     21, ..., 999971, 999981, 999991])}, 'MCTS': {'RS_iters': 5000, 'mcts_iters': 100, 'eps': 0.05, 'lr': 0.1, 'flag': 'MCTS'}, 'SA': {'RS_iters': 5000, 'sa_iters': 100, 'eps': 0.05, 'lr': 0.1, 'flag': 'SA'}, 'RME': {'N': 100}}",-7.1775687040000005
0,930,17.5496016568,"[24, 25, 16, 21, 15, 12, 14, 4, 11, 15]",RME,rep,10,30,10,0.9500000000000001,10000,964.6569435596,"{'APS': {'cooling_schedule': array([     1,     11,     21, ..., 999971, 999981, 999991])}, 'MCTS': {'RS_iters': 5000, 'mcts_iters': 100, 'eps': 0.05, 'lr': 0.1, 'flag': 'MCTS'}, 'SA': {'RS_iters': 5000, 'sa_iters': 100, 'eps': 0.05, 'lr': 0.1, 'flag': 'SA'}, 'RME': {'N': 100}}",-8.4503983432
0,945,17.8565727728,"[28, 21, 18, 19, 11, 27, 12, 4, 9, 28]",RME,rep,10,30,10,0.9500000000000001,10000,982.0729551315,"{'APS': {'cooling_schedule': array([     1,     11,     21, ..., 999971, 999981, 999991])}, 'MCTS': {'RS_iters': 5000, 'mcts_iters': 100, 'eps': 0.05, 'lr': 0.1, 'flag': 'MCTS'}, 'SA': {'RS_iters': 5000, 'sa_iters': 100, 'eps': 0.05, 'lr': 0.1, 'flag': 'SA'}, 'RME': {'N': 100}}",-8.1434272272
0,960,18.3258544494,"[14, 9, 20, 19, 12, 29, 10, 21, 11, 26]",RME,rep,10,30,10,0.9500000000000001,10000,996.4636282921,"{'APS': {'cooling_schedule': array([     1,     11,     21, ..., 999971, 999981, 999991])}, 'MCTS': {'RS_iters': 5000, 'mcts_iters': 100, 'eps': 0.05, 'lr': 0.1, 'flag': 'MCTS'}, 'SA': {'RS_iters': 5000, 'sa_iters': 100, 'eps': 0.05, 'lr': 0.1, 'flag': 'SA'}, 'RME': {'N': 100}}",-7.6741455506000005
0,975,18.1568994448,"[26, 9, 3, 5, 12, 22, 23, 4, 6, 15]",RME,rep,10,30,10,0.9500000000000001,10000,1013.3893358707,"{'APS': {'cooling_schedule': array([     1,     11,     21, ..., 999971, 999981, 999991])}, 'MCTS': {'RS_iters': 5000, 'mcts_iters': 100, 'eps': 0.05, 'lr': 0.1, 'flag': 'MCTS'}, 'SA': {'RS_iters': 5000, 'sa_iters': 100, 'eps': 0.05, 'lr': 0.1, 'flag': 'SA'}, 'RME': {'N': 100}}",-7.8431005552
0,990,18.3531855024,"[19, 9, 27, 19, 13, 19, 14, 24, 29, 17]",RME,rep,10,30,10,0.9500000000000001,10000,1025.3783135414,"{'APS': {'cooling_schedule': array([     1,     11,     21, ..., 999971, 999981, 999991])}, 'MCTS': {'RS_iters': 5000, 'mcts_iters': 100, 'eps': 0.05, 'lr': 0.1, 'flag': 'MCTS'}, 'SA': {'RS_iters': 5000, 'sa_iters': 100, 'eps': 0.05, 'lr': 0.1, 'flag': 'SA'}, 'RME': {'N': 100}}",-7.6468144976
0,1005,17.9030045109,"[23, 19, 5, 2, 20, 17, 14, 4, 11, 0]",RME,rep,10,30,10,0.9500000000000001,10000,1040.5798943043,"{'APS': {'cooling_schedule': array([     1,     11,     21, ..., 999971, 999981, 999991])}, 'MCTS': {'RS_iters': 5000, 'mcts_iters': 100, 'eps': 0.05, 'lr': 0.1, 'flag': 'MCTS'}, 'SA': {'RS_iters': 5000, 'sa_iters': 100, 'eps': 0.05, 'lr': 0.1, 'flag': 'SA'}, 'RME': {'N': 100}}",-8.0969954891
0,1020,17.5438920151,"[8, 9, 19, 25, 24, 0, 14, 12, 11, 18]",RME,rep,10,30,10,0.9500000000000001,10000,1056.0822598934,"{'APS': {'cooling_schedule': array([     1,     11,     21, ..., 999971, 999981, 999991])}, 'MCTS': {'RS_iters': 5000, 'mcts_iters': 100, 'eps': 0.05, 'lr': 0.1, 'flag': 'MCTS'}, 'SA': {'RS_iters': 5000, 'sa_iters': 100, 'eps': 0.05, 'lr': 0.1, 'flag': 'SA'}, 'RME': {'N': 100}}",-8.456107984900001
0,1035,17.9202710956,"[20, 9, 3, 21, 6, 8, 14, 8, 16, 26]",RME,rep,10,30,10,0.9500000000000001,10000,1071.0520348549,"{'APS': {'cooling_schedule': array([     1,     11,     21, ..., 999971, 999981, 999991])}, 'MCTS': {'RS_iters': 5000, 'mcts_iters': 100, 'eps': 0.05, 'lr': 0.1, 'flag': 'MCTS'}, 'SA': {'RS_iters': 5000, 'sa_iters': 100, 'eps': 0.05, 'lr': 0.1, 'flag': 'SA'}, 'RME': {'N': 100}}",-8.0797289044
0,1050,19.0860549198,"[26, 10, 26, 19, 2, 14, 12, 4, 11, 28]",RME,rep,10,30,10,0.9500000000000001,10000,1086.0585134029,"{'APS': {'cooling_schedule': array([     1,     11,     21, ..., 999971, 999981, 999991])}, 'MCTS': {'RS_iters': 5000, 'mcts_iters': 100, 'eps': 0.05, 'lr': 0.1, 'flag': 'MCTS'}, 'SA': {'RS_iters': 5000, 'sa_iters': 100, 'eps': 0.05, 'lr': 0.1, 'flag': 'SA'}, 'RME': {'N': 100}}",-6.9139450801999995
0,1065,18.199857119,"[25, 9, 6, 19, 25, 22, 21, 16, 0, 28]",RME,rep,10,30,10,0.9500000000000001,10000,1101.1040301323,"{'APS': {'cooling_schedule': array([     1,     11,     21, ..., 999971, 999981, 999991])}, 'MCTS': {'RS_iters': 5000, 'mcts_iters': 100, 'eps': 0.05, 'lr': 0.1, 'flag': 'MCTS'}, 'SA': {'RS_iters': 5000, 'sa_iters': 100, 'eps': 0.05, 'lr': 0.1, 'flag': 'SA'}, 'RME': {'N': 100}}",-7.800142881
0,1080,18.429630971,"[6, 9, 29, 29, 13, 10, 2, 4, 17, 2]",RME,rep,10,30,10,0.9500000000000001,10000,1115.3741636276,"{'APS': {'cooling_schedule': array([     1,     11,     21, ..., 999971, 999981, 999991])}, 'MCTS': {'RS_iters': 5000, 'mcts_iters': 100, 'eps': 0.05, 'lr': 0.1, 'flag': 'MCTS'}, 'SA': {'RS_iters': 5000, 'sa_iters': 100, 'eps': 0.05, 'lr': 0.1, 'flag': 'SA'}, 'RME': {'N': 100}}",-7.570369029
0,1095,18.3239462596,"[14, 9, 0, 19, 13, 2, 19, 6, 11, 14]",RME,rep,10,30,10,0.9500000000000001,10000,1130.5708854198,"{'APS': {'cooling_schedule': array([     1,     11,     21, ..., 999971, 999981, 999991])}, 'MCTS': {'RS_iters': 5000, 'mcts_iters': 100, 'eps': 0.05, 'lr': 0.1, 'flag': 'MCTS'}, 'SA': {'RS_iters': 5000, 'sa_iters': 100, 'eps': 0.05, 'lr': 0.1, 'flag': 'SA'}, 'RME': {'N': 100}}",-7.6760537404
0,1110,18.3945297759,"[6, 11, 17, 19, 25, 1, 28, 17, 11, 17]",RME,rep,10,30,10,0.9500000000000001,10000,1144.9657433033,"{'APS': {'cooling_schedule': array([     1,     11,     21, ..., 999971, 999981, 999991])}, 'MCTS': {'RS_iters': 5000, 'mcts_iters': 100, 'eps': 0.05, 'lr': 0.1, 'flag': 'MCTS'}, 'SA': {'RS_iters': 5000, 'sa_iters': 100, 'eps': 0.05, 'lr': 0.1, 'flag': 'SA'}, 'RME': {'N': 100}}",-7.6054702241
0,1125,19.4759812971,"[11, 9, 26, 19, 14, 20, 2, 27, 11, 28]",RME,rep,10,30,10,0.9500000000000001,10000,1161.631919384,"{'APS': {'cooling_schedule': array([     1,     11,     21, ..., 999971, 999981, 999991])}, 'MCTS': {'RS_iters': 5000, 'mcts_iters': 100, 'eps': 0.05, 'lr': 0.1, 'flag': 'MCTS'}, 'SA': {'RS_iters': 5000, 'sa_iters': 100, 'eps': 0.05, 'lr': 0.1, 'flag': 'SA'}, 'RME': {'N': 100}}",-6.5240187029
0,1140,18.4085910391,"[28, 21, 22, 19, 12, 17, 17, 27, 11, 28]",RME,rep,10,30,10,0.9500000000000001,10000,1175.7520210743,"{'APS': {'cooling_schedule': array([     1,     11,     21, ..., 999971, 999981, 999991])}, 'MCTS': {'RS_iters': 5000, 'mcts_iters': 100, 'eps': 0.05, 'lr': 0.1, 'flag': 'MCTS'}, 'SA': {'RS_iters': 5000, 'sa_iters': 100, 'eps': 0.05, 'lr': 0.1, 'flag': 'SA'}, 'RME': {'N': 100}}",-7.5914089609
0,1155,18.3435010275,"[15, 9, 3, 6, 18, 5, 16, 5, 9, 28]",RME,rep,10,30,10,0.9500000000000001,10000,1190.416030407,"{'APS': {'cooling_schedule': array([     1,     11,     21, ..., 999971, 999981, 999991])}, 'MCTS': {'RS_iters': 5000, 'mcts_iters': 100, 'eps': 0.05, 'lr': 0.1, 'flag': 'MCTS'}, 'SA': {'RS_iters': 5000, 'sa_iters': 100, 'eps': 0.05, 'lr': 0.1, 'flag': 'SA'}, 'RME': {'N': 100}}",-7.6564989725
0,1170,18.4187298112,"[9, 24, 3, 18, 12, 0, 14, 4, 0, 15]",RME,rep,10,30,10,0.9500000000000001,10000,1207.2856163979,"{'APS': {'cooling_schedule': array([     1,     11,     21, ..., 999971, 999981, 999991])}, 'MCTS': {'RS_iters': 5000, 'mcts_iters': 100, 'eps': 0.05, 'lr': 0.1, 'flag': 'MCTS'}, 'SA': {'RS_iters': 5000, 'sa_iters': 100, 'eps': 0.05, 'lr': 0.1, 'flag': 'SA'}, 'RME': {'N': 100}}",-7.5812701888
0,1185,18.8308293555,"[23, 27, 3, 4, 16, 2, 14, 4, 5, 28]",RME,rep,10,30,10,0.9500000000000001,10000,1221.0051767826,"{'APS': {'cooling_schedule': array([     1,     11,     21, ..., 999971, 999981, 999991])}, 'MCTS': {'RS_iters': 5000, 'mcts_iters': 100, 'eps': 0.05, 'lr': 0.1, 'flag': 'MCTS'}, 'SA': {'RS_iters': 5000, 'sa_iters': 100, 'eps': 0.05, 'lr': 0.1, 'flag': 'SA'}, 'RME': {'N': 100}}",-7.1691706445
0,1200,18.6083474006,"[6, 6, 23, 4, 13, 15, 7, 4, 11, 7]",RME,rep,10,30,10,0.9500000000000001,10000,1235.9972248077,"{'APS': {'cooling_schedule': array([     1,     11,     21, ..., 999971, 999981, 999991])}, 'MCTS': {'RS_iters': 5000, 'mcts_iters': 100, 'eps': 0.05, 'lr': 0.1, 'flag': 'MCTS'}, 'SA': {'RS_iters': 5000, 'sa_iters': 100, 'eps': 0.05, 'lr': 0.1, 'flag': 'SA'}, 'RME': {'N': 100}}",-7.3916525994
1,15,16.4385193677,"[2, 16, 3, 10, 16, 11, 22, 4, 12, 24]",RME,rep,10,30,10,0.9500000000000001,10000,50.8997170925,"{'APS': {'cooling_schedule': array([     1,     11,     21, ..., 999971, 999981, 999991])}, 'MCTS': {'RS_iters': 5000, 'mcts_iters': 100, 'eps': 0.05, 'lr': 0.1, 'flag': 'MCTS'}, 'SA': {'RS_iters': 5000, 'sa_iters': 100, 'eps': 0.05, 'lr': 0.1, 'flag': 'SA'}, 'RME': {'N': 100}}",-9.5614806323
1,30,16.4947664995,"[17, 3, 4, 19, 12, 27, 16, 26, 28, 29]",RME,rep,10,30,10,0.9500000000000001,10000,65.9748108387,"{'APS': {'cooling_schedule': array([     1,     11,     21, ..., 999971, 999981, 999991])}, 'MCTS': {'RS_iters': 5000, 'mcts_iters': 100, 'eps': 0.05, 'lr': 0.1, 'flag': 'MCTS'}, 'SA': {'RS_iters': 5000, 'sa_iters': 100, 'eps': 0.05, 'lr': 0.1, 'flag': 'SA'}, 'RME': {'N': 100}}",-9.5052335005
1,45,16.3143469756,"[11, 13, 18, 24, 12, 20, 14, 26, 23, 1]",RME,rep,10,30,10,0.9500000000000001,10000,80.3951933384,"{'APS': {'cooling_schedule': array([     1,     11,     21, ..., 999971, 999981, 999991])}, 'MCTS': {'RS_iters': 5000, 'mcts_iters': 100, 'eps': 0.05, 'lr': 0.1, 'flag': 'MCTS'}, 'SA': {'RS_iters': 5000, 'sa_iters': 100, 'eps': 0.05, 'lr': 0.1, 'flag': 'SA'}, 'RME': {'N': 100}}",-9.6856530244
1,60,17.0207102929,"[20, 18, 25, 15, 12, 16, 14, 4, 20, 25]",RME,rep,10,30,10,0.9500000000000001,10000,96.1720530987,"{'APS': {'cooling_schedule': array([     1,     11,     21, ..., 999971, 999981, 999991])}, 'MCTS': {'RS_iters': 5000, 'mcts_iters': 100, 'eps': 0.05, 'lr': 0.1, 'flag': 'MCTS'}, 'SA': {'RS_iters': 5000, 'sa_iters': 100, 'eps': 0.05, 'lr': 0.1, 'flag': 'SA'}, 'RME': {'N': 100}}",-8.9792897071
1,75,17.2832319009,"[21, 18, 17, 19, 13, 26, 1, 4, 20, 20]",RME,rep,10,30,10,0.9500000000000001,10000,110.6040427685,"{'APS': {'cooling_schedule': array([     1,     11,     21, ..., 999971, 999981, 999991])}, 'MCTS': {'RS_iters': 5000, 'mcts_iters': 100, 'eps': 0.05, 'lr': 0.1, 'flag': 'MCTS'}, 'SA': {'RS_iters': 5000, 'sa_iters': 100, 'eps': 0.05, 'lr': 0.1, 'flag': 'SA'}, 'RME': {'N': 100}}",-8.7167680991
1,90,17.226199335,"[1, 20, 3, 19, 20, 23, 7, 1, 19, 18]",RME,rep,10,30,10,0.9500000000000001,10000,126.3072590828,"{'APS': {'cooling_schedule': array([     1,     11,     21, ..., 999971, 999981, 999991])}, 'MCTS': {'RS_iters': 5000, 'mcts_iters': 100, 'eps': 0.05, 'lr': 0.1, 'flag': 'MCTS'}, 'SA': {'RS_iters': 5000, 'sa_iters': 100, 'eps': 0.05, 'lr': 0.1, 'flag': 'SA'}, 'RME': {'N': 100}}",-8.773800665
1,105,17.3398330197,"[27, 2, 6, 29, 29, 5, 23, 4, 19, 28]",RME,rep,10,30,10,0.9500000000000001,10000,140.6115648746,"{'APS': {'cooling_schedule': array([     1,     11,     21, ..., 999971, 999981, 999991])}, 'MCTS': {'RS_iters': 5000, 'mcts_iters': 100, 'eps': 0.05, 'lr': 0.1, 'flag': 'MCTS'}, 'SA': {'RS_iters': 5000, 'sa_iters': 100, 'eps': 0.05, 'lr': 0.1, 'flag': 'SA'}, 'RME': {'N': 100}}",-8.6601669803
1,120,17.4156812539,"[27, 6, 13, 19, 29, 18, 4, 16, 11, 29]",RME,rep,10,30,10,0.9500000000000001,10000,155.7856960297,"{'APS': {'cooling_schedule': array([     1,     11,     21, ..., 999971, 999981, 999991])}, 'MCTS': {'RS_iters': 5000, 'mcts_iters': 100, 'eps': 0.05, 'lr': 0.1, 'flag': 'MCTS'}, 'SA': {'RS_iters': 5000, 'sa_iters': 100, 'eps': 0.05, 'lr': 0.1, 'flag': 'SA'}, 'RME': {'N': 100}}",-8.5843187461
1,135,17.0669850172,"[27, 9, 26, 19, 9, 21, 21, 21, 0, 15]",RME,rep,10,30,10,0.9500000000000001,10000,171.0051062107,"{'APS': {'cooling_schedule': array([     1,     11,     21, ..., 999971, 999981, 999991])}, 'MCTS': {'RS_iters': 5000, 'mcts_iters': 100, 'eps': 0.05, 'lr': 0.1, 'flag': 'MCTS'}, 'SA': {'RS_iters': 5000, 'sa_iters': 100, 'eps': 0.05, 'lr': 0.1, 'flag': 'SA'}, 'RME': {'N': 100}}",-8.9330149828
1,150,17.2758942846,"[6, 9, 4, 20, 29, 8, 15, 16, 21, 9]",RME,rep,10,30,10,0.9500000000000001,10000,185.214840889,"{'APS': {'cooling_schedule': array([     1,     11,     21, ..., 999971, 999981, 999991])}, 'MCTS': {'RS_iters': 5000, 'mcts_iters': 100, 'eps': 0.05, 'lr': 0.1, 'flag': 'MCTS'}, 'SA': {'RS_iters': 5000, 'sa_iters': 100, 'eps': 0.05, 'lr': 0.1, 'flag': 'SA'}, 'RME': {'N': 100}}",-8.7241057154
1,165,18.3815094225,"[6, 6, 27, 19, 13, 9, 23, 4, 23, 19]",RME,rep,10,30,10,0.9500000000000001,10000,200.845741272,"{'APS': {'cooling_schedule': array([     1,     11,     21, ..., 999971, 999981, 999991])}, 'MCTS': {'RS_iters': 5000, 'mcts_iters': 100, 'eps': 0.05, 'lr': 0.1, 'flag': 'MCTS'}, 'SA': {'RS_iters': 5000, 'sa_iters': 100, 'eps': 0.05, 'lr': 0.1, 'flag': 'SA'}, 'RME': {'N': 100}}",-7.6184905775
1,180,17.2718148193,"[18, 9, 15, 17, 29, 18, 12, 27, 22, 28]",RME,rep,10,30,10,0.9500000000000001,10000,215.7935316563,"{'APS': {'cooling_schedule': array([     1,     11,     21, ..., 999971, 999981, 999991])}, 'MCTS': {'RS_iters': 5000, 'mcts_iters': 100, 'eps': 0.05, 'lr': 0.1, 'flag': 'MCTS'}, 'SA': {'RS_iters': 5000, 'sa_iters': 100, 'eps': 0.05, 'lr': 0.1, 'flag': 'SA'}, 'RME': {'N': 100}}",-8.7281851807
1,195,18.290457345,"[7, 4, 3, 19, 22, 14, 4, 6, 11, 26]",RME,rep,10,30,10,0.9500000000000001,10000,231.9781301022,"{'APS': {'cooling_schedule': array([     1,     11,     21, ..., 999971, 999981, 999991])}, 'MCTS': {'RS_iters': 5000, 'mcts_iters': 100, 'eps': 0.05, 'lr': 0.1, 'flag': 'MCTS'}, 'SA': {'RS_iters': 5000, 'sa_iters': 100, 'eps': 0.05, 'lr': 0.1, 'flag': 'SA'}, 'RME': {'N': 100}}",-7.709542655
1,210,17.4084334394,"[6, 24, 7, 19, 6, 17, 16, 20, 15, 7]",RME,rep,10,30,10,0.9500000000000001,10000,246.4209508896,"{'APS': {'cooling_schedule': array([     1,     11,     21, ..., 999971, 999981, 999991])}, 'MCTS': {'RS_iters': 5000, 'mcts_iters': 100, 'eps': 0.05, 'lr': 0.1, 'flag': 'MCTS'}, 'SA': {'RS_iters': 5000, 'sa_iters': 100, 'eps': 0.05, 'lr': 0.1, 'flag': 'SA'}, 'RME': {'N': 100}}",-8.5915665606
1,225,18.0383104172,"[0, 6, 3, 28, 25, 9, 18, 4, 5, 28]",RME,rep,10,30,10,0.9500000000000001,10000,261.3326597214,"{'APS': {'cooling_schedule': array([     1,     11,     21, ..., 999971, 999981, 999991])}, 'MCTS': {'RS_iters': 5000, 'mcts_iters': 100, 'eps': 0.05, 'lr': 0.1, 'flag': 'MCTS'}, 'SA': {'RS_iters': 5000, 'sa_iters': 100, 'eps': 0.05, 'lr': 0.1, 'flag': 'SA'}, 'RME': {'N': 100}}",-7.9616895828
1,240,17.4248174209,"[6, 14, 3, 3, 12, 14, 26, 14, 16, 27]",RME,rep,10,30,10,0.9500000000000001,10000,277.4344699383,"{'APS': {'cooling_schedule': array([     1,     11,     21, ..., 999971, 999981, 999991])}, 'MCTS': {'RS_iters': 5000, 'mcts_iters': 100, 'eps': 0.05, 'lr': 0.1, 'flag': 'MCTS'}, 'SA': {'RS_iters': 5000, 'sa_iters': 100, 'eps': 0.05, 'lr': 0.1, 'flag': 'SA'}, 'RME': {'N': 100}}",-8.5751825791
1,255,17.3690195909,"[29, 29, 14, 6, 14, 3, 3, 4, 11, 0]",RME,rep,10,30,10,0.9500000000000001,10000,291.0415091515,"{'APS': {'cooling_schedule': array([     1,     11,     21, ..., 999971, 999981, 999991])}, 'MCTS': {'RS_iters': 5000, 'mcts_iters': 100, 'eps': 0.05, 'lr': 0.1, 'flag': 'MCTS'}, 'SA': {'RS_iters': 5000, 'sa_iters': 100, 'eps': 0.05, 'lr': 0.1, 'flag': 'SA'}, 'RME': {'N': 100}}",-8.6309804091
1,270,17.5317686807,"[18, 28, 15, 19, 25, 5, 21, 15, 11, 10]",RME,rep,10,30,10,0.9500000000000001,10000,305.4248509407,"{'APS': {'cooling_schedule': array([     1,     11,     21, ..., 999971, 999981, 999991])}, 'MCTS': {'RS_iters': 5000, 'mcts_iters': 100, 'eps': 0.05, 'lr': 0.1, 'flag': 'MCTS'}, 'SA': {'RS_iters': 5000, 'sa_iters': 100, 'eps': 0.05, 'lr': 0.1, 'flag': 'SA'}, 'RME': {'N': 100}}",-8.4682313193
1,285,16.981136627,"[6, 11, 24, 21, 12, 13, 14, 12, 9, 19]",RME,rep,10,30,10,0.9500000000000001,10000,320.895411253,"{'APS': {'cooling_schedule': array([     1,     11,     21, ..., 999971, 999981, 999991])}, 'MCTS': {'RS_iters': 5000, 'mcts_iters': 100, 'eps': 0.05, 'lr': 0.1, 'flag': 'MCTS'}, 'SA': {'RS_iters': 5000, 'sa_iters': 100, 'eps': 0.05, 'lr': 0.1, 'flag': 'SA'}, 'RME': {'N': 100}}",-9.018863373
1,300,17.5023728903,"[13, 25, 3, 7, 23, 27, 14, 6, 16, 28]",RME,rep,10,30,10,0.9500000000000001,10000,336.5446453094,"{'APS': {'cooling_schedule': array([     1,     11,     21, ..., 999971, 999981, 999991])}, 'MCTS': {'RS_iters': 5000, 'mcts_iters': 100, 'eps': 0.05, 'lr': 0.1, 'flag': 'MCTS'}, 'SA': {'RS_iters': 5000, 'sa_iters': 100, 'eps': 0.05, 'lr': 0.1, 'flag': 'SA'}, 'RME': {'N': 100}}",-8.4976271097
1,315,18.0987585691,"[2, 9, 24, 19, 24, 1, 4, 4, 10, 12]",RME,rep,10,30,10,0.9500000000000001,10000,351.1457724571,"{'APS': {'cooling_schedule': array([     1,     11,     21, ..., 999971, 999981, 999991])}, 'MCTS': {'RS_iters': 5000, 'mcts_iters': 100, 'eps': 0.05, 'lr': 0.1, 'flag': 'MCTS'}, 'SA': {'RS_iters': 5000, 'sa_iters': 100, 'eps': 0.05, 'lr': 0.1, 'flag': 'SA'}, 'RME': {'N': 100}}",-7.9012414309
1,330,18.2437047688,"[28, 10, 11, 19, 22, 22, 26, 4, 11, 23]",RME,rep,10,30,10,0.9500000000000001,10000,365.1100952625,"{'APS': {'cooling_schedule': array([     1,     11,     21, ..., 999971, 999981, 999991])}, 'MCTS': {'RS_iters': 5000, 'mcts_iters': 100, 'eps': 0.05, 'lr': 0.1, 'flag': 'MCTS'}, 'SA': {'RS_iters': 5000, 'sa_iters': 100, 'eps': 0.05, 'lr': 0.1, 'flag': 'SA'}, 'RME': {'N': 100}}",-7.7562952312
1,345,17.7701802777,"[1, 27, 14, 19, 22, 13, 10, 4, 11, 23]",RME,rep,10,30,10,0.9500000000000001,10000,381.1419844627,"{'APS': {'cooling_schedule': array([     1,     11,     21, ..., 999971, 999981, 999991])}, 'MCTS': {'RS_iters': 5000, 'mcts_iters': 100, 'eps': 0.05, 'lr': 0.1, 'flag': 'MCTS'}, 'SA': {'RS_iters': 5000, 'sa_iters': 100, 'eps': 0.05, 'lr': 0.1, 'flag': 'SA'}, 'RME': {'N': 100}}",-8.2298197223
1,360,18.870388658,"[2, 9, 3, 19, 20, 24, 7, 27, 28, 4]",RME,rep,10,30,10,0.9500000000000001,10000,395.7512989044,"{'APS': {'cooling_schedule': array([     1,     11,     21, ..., 999971, 999981, 999991])}, 'MCTS': {'RS_iters': 5000, 'mcts_iters': 100, 'eps': 0.05, 'lr': 0.1, 'flag': 'MCTS'}, 'SA': {'RS_iters': 5000, 'sa_iters': 100, 'eps': 0.05, 'lr': 0.1, 'flag': 'SA'}, 'RME': {'N': 100}}",-7.1296113420000005
1,375,17.4351581365,"[22, 3, 3, 19, 14, 19, 19, 6, 27, 14]",RME,rep,10,30,10,0.9500000000000001,10000,410.7032933235,"{'APS': {'cooling_schedule': array([     1,     11,     21, ..., 999971, 999981, 999991])}, 'MCTS': {'RS_iters': 5000, 'mcts_iters': 100, 'eps': 0.05, 'lr': 0.1, 'flag': 'MCTS'}, 'SA': {'RS_iters': 5000, 'sa_iters': 100, 'eps': 0.05, 'lr': 0.1, 'flag': 'SA'}, 'RME': {'N': 100}}",-8.5648418635
1,390,17.3818018795,"[14, 19, 3, 10, 29, 9, 24, 4, 23, 27]",RME,rep,10,30,10,0.9500000000000001,10000,425.7665324211,"{'APS': {'cooling_schedule': array([     1,     11,     21, ..., 999971, 999981, 999991])}, 'MCTS': {'RS_iters': 5000, 'mcts_iters': 100, 'eps': 0.05, 'lr': 0.1, 'flag': 'MCTS'}, 'SA': {'RS_iters': 5000, 'sa_iters': 100, 'eps': 0.05, 'lr': 0.1, 'flag': 'SA'}, 'RME': {'N': 100}}",-8.6181981205
1,405,18.5640159931,"[6, 16, 23, 19, 13, 5, 14, 19, 5, 6]",RME,rep,10,30,10,0.9500000000000001,10000,440.44591522220003,"{'APS': {'cooling_schedule': array([     1,     11,     21, ..., 999971, 999981, 999991])}, 'MCTS': {'RS_iters': 5000, 'mcts_iters': 100, 'eps': 0.05, 'lr': 0.1, 'flag': 'MCTS'}, 'SA': {'RS_iters': 5000, 'sa_iters': 100, 'eps': 0.05, 'lr': 0.1, 'flag': 'SA'}, 'RME': {'N': 100}}",-7.4359840069
1,420,17.8268656551,"[6, 19, 24, 19, 24, 12, 14, 14, 3, 14]",RME,rep,10,30,10,0.9500000000000001,10000,455.3805701733,"{'APS': {'cooling_schedule': array([     1,     11,     21, ..., 999971, 999981, 999991])}, 'MCTS': {'RS_iters': 5000, 'mcts_iters': 100, 'eps': 0.05, 'lr': 0.1, 'flag': 'MCTS'}, 'SA': {'RS_iters': 5000, 'sa_iters': 100, 'eps': 0.05, 'lr': 0.1, 'flag': 'SA'}, 'RME': {'N': 100}}",-8.1731343449
1,435,17.8230536086,"[4, 28, 15, 10, 9, 22, 14, 24, 11, 28]",RME,rep,10,30,10,0.9500000000000001,10000,471.5800993443,"{'APS': {'cooling_schedule': array([     1,     11,     21, ..., 999971, 999981, 999991])}, 'MCTS': {'RS_iters': 5000, 'mcts_iters': 100, 'eps': 0.05, 'lr': 0.1, 'flag': 'MCTS'}, 'SA': {'RS_iters': 5000, 'sa_iters': 100, 'eps': 0.05, 'lr': 0.1, 'flag': 'SA'}, 'RME': {'N': 100}}",-8.1769463914
1,450,18.0942692897,"[7, 9, 24, 19, 29, 24, 25, 17, 7, 29]",RME,rep,10,30,10,0.9500000000000001,10000,486.0289316177,"{'APS': {'cooling_schedule': array([     1,     11,     21, ..., 999971, 999981, 999991])}, 'MCTS': {'RS_iters': 5000, 'mcts_iters': 100, 'eps': 0.05, 'lr': 0.1, 'flag': 'MCTS'}, 'SA': {'RS_iters': 5000, 'sa_iters': 100, 'eps': 0.05, 'lr': 0.1, 'flag': 'SA'}, 'RME': {'N': 100}}",-7.9057307103
1,465,19.3342048856,"[6, 1, 4, 19, 13, 8, 24, 4, 11, 7]",RME,rep,10,30,10,0.9500000000000001,10000,501.2323303223,"{'APS': {'cooling_schedule': array([     1,     11,     21, ..., 999971, 999981, 999991])}, 'MCTS': {'RS_iters': 5000, 'mcts_iters': 100, 'eps': 0.05, 'lr': 0.1, 'flag': 'MCTS'}, 'SA': {'RS_iters': 5000, 'sa_iters': 100, 'eps': 0.05, 'lr': 0.1, 'flag': 'SA'}, 'RME': {'N': 100}}",-6.6657951144
1,480,17.9589651805,"[25, 3, 3, 2, 6, 26, 14, 23, 11, 23]",RME,rep,10,30,10,0.9500000000000001,10000,515.1653294563,"{'APS': {'cooling_schedule': array([     1,     11,     21, ..., 999971, 999981, 999991])}, 'MCTS': {'RS_iters': 5000, 'mcts_iters': 100, 'eps': 0.05, 'lr': 0.1, 'flag': 'MCTS'}, 'SA': {'RS_iters': 5000, 'sa_iters': 100, 'eps': 0.05, 'lr': 0.1, 'flag': 'SA'}, 'RME': {'N': 100}}",-8.0410348195
1,495,17.5134196543,"[22, 9, 5, 19, 3, 4, 0, 17, 11, 0]",RME,rep,10,30,10,0.9500000000000001,10000,531.1434178352,"{'APS': {'cooling_schedule': array([     1,     11,     21, ..., 999971, 999981, 999991])}, 'MCTS': {'RS_iters': 5000, 'mcts_iters': 100, 'eps': 0.05, 'lr': 0.1, 'flag': 'MCTS'}, 'SA': {'RS_iters': 5000, 'sa_iters': 100, 'eps': 0.05, 'lr': 0.1, 'flag': 'SA'}, 'RME': {'N': 100}}",-8.4865803457
1,510,18.4157963496,"[6, 15, 3, 1, 12, 23, 22, 13, 11, 5]",RME,rep,10,30,10,0.9500000000000001,10000,546.3875432014,"{'APS': {'cooling_schedule': array([     1,     11,     21, ..., 999971, 999981, 999991])}, 'MCTS': {'RS_iters': 5000, 'mcts_iters': 100, 'eps': 0.05, 'lr': 0.1, 'flag': 'MCTS'}, 'SA': {'RS_iters': 5000, 'sa_iters': 100, 'eps': 0.05, 'lr': 0.1, 'flag': 'SA'}, 'RME': {'N': 100}}",-7.5842036504
1,525,17.3604446218,"[20, 23, 2, 4, 13, 24, 12, 28, 15, 28]",RME,rep,10,30,10,0.9500000000000001,10000,560.5019767284,"{'APS': {'cooling_schedule': array([     1,     11,     21, ..., 999971, 999981, 999991])}, 'MCTS': {'RS_iters': 5000, 'mcts_iters': 100, 'eps': 0.05, 'lr': 0.1, 'flag': 'MCTS'}, 'SA': {'RS_iters': 5000, 'sa_iters': 100, 'eps': 0.05, 'lr': 0.1, 'flag': 'SA'}, 'RME': {'N': 100}}",-8.6395553782
1,540,18.3076410411,"[12, 12, 3, 22, 13, 9, 8, 4, 13, 28]",RME,rep,10,30,10,0.9500000000000001,10000,576.1326868534,"{'APS': {'cooling_schedule': array([     1,     11,     21, ..., 999971, 999981, 999991])}, 'MCTS': {'RS_iters': 5000, 'mcts_iters': 100, 'eps': 0.05, 'lr': 0.1, 'flag': 'MCTS'}, 'SA': {'RS_iters': 5000, 'sa_iters': 100, 'eps': 0.05, 'lr': 0.1, 'flag': 'SA'}, 'RME': {'N': 100}}",-7.6923589589
1,555,17.8872653243,"[28, 3, 9, 19, 29, 7, 14, 1, 11, 6]",RME,rep,10,30,10,0.9500000000000001,10000,590.785422802,"{'APS': {'cooling_schedule': array([     1,     11,     21, ..., 999971, 999981, 999991])}, 'MCTS': {'RS_iters': 5000, 'mcts_iters': 100, 'eps': 0.05, 'lr': 0.1, 'flag': 'MCTS'}, 'SA': {'RS_iters': 5000, 'sa_iters': 100, 'eps': 0.05, 'lr': 0.1, 'flag': 'SA'}, 'RME': {'N': 100}}",-8.1127346757
1,570,17.3506412498,"[1, 9, 3, 25, 15, 14, 28, 19, 0, 28]",RME,rep,10,30,10,0.9500000000000001,10000,605.2482044697,"{'APS': {'cooling_schedule': array([     1,     11,     21, ..., 999971, 999981, 999991])}, 'MCTS': {'RS_iters': 5000, 'mcts_iters': 100, 'eps': 0.05, 'lr': 0.1, 'flag': 'MCTS'}, 'SA': {'RS_iters': 5000, 'sa_iters': 100, 'eps': 0.05, 'lr': 0.1, 'flag': 'SA'}, 'RME': {'N': 100}}",-8.6493587502
1,585,18.2251127467,"[24, 13, 3, 8, 29, 14, 14, 0, 19, 28]",RME,rep,10,30,10,0.9500000000000001,10000,622.1220932007,"{'APS': {'cooling_schedule': array([     1,     11,     21, ..., 999971, 999981, 999991])}, 'MCTS': {'RS_iters': 5000, 'mcts_iters': 100, 'eps': 0.05, 'lr': 0.1, 'flag': 'MCTS'}, 'SA': {'RS_iters': 5000, 'sa_iters': 100, 'eps': 0.05, 'lr': 0.1, 'flag': 'SA'}, 'RME': {'N': 100}}",-7.7748872533
1,600,18.2165544621,"[22, 9, 28, 6, 29, 26, 14, 4, 12, 5]",RME,rep,10,30,10,0.9500000000000001,10000,635.80966115,"{'APS': {'cooling_schedule': array([     1,     11,     21, ..., 999971, 999981, 999991])}, 'MCTS': {'RS_iters': 5000, 'mcts_iters': 100, 'eps': 0.05, 'lr': 0.1, 'flag': 'MCTS'}, 'SA': {'RS_iters': 5000, 'sa_iters': 100, 'eps': 0.05, 'lr': 0.1, 'flag': 'SA'}, 'RME': {'N': 100}}",-7.7834455379000005
1,615,17.9444154315,"[0, 14, 3, 18, 12, 13, 14, 26, 29, 28]",RME,rep,10,30,10,0.9500000000000001,10000,651.2206947803,"{'APS': {'cooling_schedule': array([     1,     11,     21, ..., 999971, 999981, 999991])}, 'MCTS': {'RS_iters': 5000, 'mcts_iters': 100, 'eps': 0.05, 'lr': 0.1, 'flag': 'MCTS'}, 'SA': {'RS_iters': 5000, 'sa_iters': 100, 'eps': 0.05, 'lr': 0.1, 'flag': 'SA'}, 'RME': {'N': 100}}",-8.0555845685
1,630,19.0741540917,"[6, 9, 6, 19, 13, 11, 23, 4, 0, 23]",RME,rep,10,30,10,0.9500000000000001,10000,664.7167830467,"{'APS': {'cooling_schedule': array([     1,     11,     21, ..., 999971, 999981, 999991])}, 'MCTS': {'RS_iters': 5000, 'mcts_iters': 100, 'eps': 0.05, 'lr': 0.1, 'flag': 'MCTS'}, 'SA': {'RS_iters': 5000, 'sa_iters': 100, 'eps': 0.05, 'lr': 0.1, 'flag': 'SA'}, 'RME': {'N': 100}}",-6.9258459083
1,645,18.5169635728,"[17, 9, 3, 3, 6, 20, 7, 4, 23, 11]",RME,rep,10,30,10,0.9500000000000001,10000,681.1558866501,"{'APS': {'cooling_schedule': array([     1,     11,     21, ..., 999971, 999981, 999991])}, 'MCTS': {'RS_iters': 5000, 'mcts_iters': 100, 'eps': 0.05, 'lr': 0.1, 'flag': 'MCTS'}, 'SA': {'RS_iters': 5000, 'sa_iters': 100, 'eps': 0.05, 'lr': 0.1, 'flag': 'SA'}, 'RME': {'N': 100}}",-7.4830364272
1,660,18.3616124557,"[6, 19, 29, 6, 14, 22, 4, 4, 29, 28]",RME,rep,10,30,10,0.9500000000000001,10000,696.4027783871,"{'APS': {'cooling_schedule': array([     1,     11,     21, ..., 999971, 999981, 999991])}, 'MCTS': {'RS_iters': 5000, 'mcts_iters': 100, 'eps': 0.05, 'lr': 0.1, 'flag': 'MCTS'}, 'SA': {'RS_iters': 5000, 'sa_iters': 100, 'eps': 0.05, 'lr': 0.1, 'flag': 'SA'}, 'RME': {'N': 100}}",-7.6383875443
1,675,18.0189976174,"[6, 1, 20, 16, 13, 24, 8, 4, 1, 24]",RME,rep,10,30,10,0.9500000000000001,10000,710.3098325729,"{'APS': {'cooling_schedule': array([     1,     11,     21, ..., 999971, 999981, 999991])}, 'MCTS': {'RS_iters': 5000, 'mcts_iters': 100, 'eps': 0.05, 'lr': 0.1, 'flag': 'MCTS'}, 'SA': {'RS_iters': 5000, 'sa_iters': 100, 'eps': 0.05, 'lr': 0.1, 'flag': 'SA'}, 'RME': {'N': 100}}",-7.9810023826
1,690,17.5885187554,"[10, 14, 3, 26, 14, 24, 1, 4, 25, 22]",RME,rep,10,30,10,0.9500000000000001,10000,726.2889606953,"{'APS': {'cooling_schedule': array([     1,     11,     21, ..., 999971, 999981, 999991])}, 'MCTS': {'RS_iters': 5000, 'mcts_iters': 100, 'eps': 0.05, 'lr': 0.1, 'flag': 'MCTS'}, 'SA': {'RS_iters': 5000, 'sa_iters': 100, 'eps': 0.05, 'lr': 0.1, 'flag': 'SA'}, 'RME': {'N': 100}}",-8.411481244600001
1,705,17.8236539619,"[13, 24, 3, 0, 13, 24, 14, 27, 12, 22]",RME,rep,10,30,10,0.9500000000000001,10000,740.5406181812,"{'APS': {'cooling_schedule': array([     1,     11,     21, ..., 999971, 999981, 999991])}, 'MCTS': {'RS_iters': 5000, 'mcts_iters': 100, 'eps': 0.05, 'lr': 0.1, 'flag': 'MCTS'}, 'SA': {'RS_iters': 5000, 'sa_iters': 100, 'eps': 0.05, 'lr': 0.1, 'flag': 'SA'}, 'RME': {'N': 100}}",-8.1763460381
1,720,18.0588837849,"[15, 9, 0, 19, 7, 18, 7, 17, 23, 28]",RME,rep,10,30,10,0.9500000000000001,10000,755.4186682701,"{'APS': {'cooling_schedule': array([     1,     11,     21, ..., 999971, 999981, 999991])}, 'MCTS': {'RS_iters': 5000, 'mcts_iters': 100, 'eps': 0.05, 'lr': 0.1, 'flag': 'MCTS'}, 'SA': {'RS_iters': 5000, 'sa_iters': 100, 'eps': 0.05, 'lr': 0.1, 'flag': 'SA'}, 'RME': {'N': 100}}",-7.9411162151
1,735,18.2818171541,"[6, 2, 3, 10, 18, 10, 28, 4, 3, 5]",RME,rep,10,30,10,0.9500000000000001,10000,771.7732834816,"{'APS': {'cooling_schedule': array([     1,     11,     21, ..., 999971, 999981, 999991])}, 'MCTS': {'RS_iters': 5000, 'mcts_iters': 100, 'eps': 0.05, 'lr': 0.1, 'flag': 'MCTS'}, 'SA': {'RS_iters': 5000, 'sa_iters': 100, 'eps': 0.05, 'lr': 0.1, 'flag': 'SA'}, 'RME': {'N': 100}}",-7.7181828459
1,750,17.3041739705,"[18, 9, 8, 14, 6, 10, 14, 27, 13, 9]",RME,rep,10,30,10,0.9500000000000001,10000,786.1347792149,"{'APS': {'cooling_schedule': array([     1,     11,     21, ..., 999971, 999981, 999991])}, 'MCTS': {'RS_iters': 5000, 'mcts_iters': 100, 'eps': 0.05, 'lr': 0.1, 'flag': 'MCTS'}, 'SA': {'RS_iters': 5000, 'sa_iters': 100, 'eps': 0.05, 'lr': 0.1, 'flag': 'SA'}, 'RME': {'N': 100}}",-8.695826029500001
1,765,18.2861139069,"[6, 7, 24, 19, 6, 26, 21, 5, 11, 21]",RME,rep,10,30,10,0.9500000000000001,10000,800.9219806194,"{'APS': {'cooling_schedule': array([     1,     11,     21, ..., 999971, 999981, 999991])}, 'MCTS': {'RS_iters': 5000, 'mcts_iters': 100, 'eps': 0.05, 'lr': 0.1, 'flag': 'MCTS'}, 'SA': {'RS_iters': 5000, 'sa_iters': 100, 'eps': 0.05, 'lr': 0.1, 'flag': 'SA'}, 'RME': {'N': 100}}",-7.7138860931
1,780,18.3549220209,"[6, 13, 3, 19, 29, 25, 6, 27, 10, 24]",RME,rep,10,30,10,0.9500000000000001,10000,815.3828120232,"{'APS': {'cooling_schedule': array([     1,     11,     21, ..., 999971, 999981, 999991])}, 'MCTS': {'RS_iters': 5000, 'mcts_iters': 100, 'eps': 0.05, 'lr': 0.1, 'flag': 'MCTS'}, 'SA': {'RS_iters': 5000, 'sa_iters': 100, 'eps': 0.05, 'lr': 0.1, 'flag': 'SA'}, 'RME': {'N': 100}}",-7.6450779791
1,795,18.2135193581,"[17, 9, 24, 22, 29, 14, 14, 4, 3, 10]",RME,rep,10,30,10,0.9500000000000001,10000,831.2648053169,"{'APS': {'cooling_schedule': array([     1,     11,     21, ..., 999971, 999981, 999991])}, 'MCTS': {'RS_iters': 5000, 'mcts_iters': 100, 'eps': 0.05, 'lr': 0.1, 'flag': 'MCTS'}, 'SA': {'RS_iters': 5000, 'sa_iters': 100, 'eps': 0.05, 'lr': 0.1, 'flag': 'SA'}, 'RME': {'N': 100}}",-7.7864806419
1,810,18.8392022452,"[6, 2, 19, 19, 19, 4, 15, 4, 7, 28]",RME,rep,10,30,10,0.9500000000000001,10000,845.802175045,"{'APS': {'cooling_schedule': array([     1,     11,     21, ..., 999971, 999981, 999991])}, 'MCTS': {'RS_iters': 5000, 'mcts_iters': 100, 'eps': 0.05, 'lr': 0.1, 'flag': 'MCTS'}, 'SA': {'RS_iters': 5000, 'sa_iters': 100, 'eps': 0.05, 'lr': 0.1, 'flag': 'SA'}, 'RME': {'N': 100}}",-7.1607977548
1,825,17.6940005782,"[6, 17, 5, 18, 18, 24, 27, 11, 4, 28]",RME,rep,10,30,10,0.9500000000000001,10000,860.5848913193,"{'APS': {'cooling_schedule': array([     1,     11,     21, ..., 999971, 999981, 999991])}, 'MCTS': {'RS_iters': 5000, 'mcts_iters': 100, 'eps': 0.05, 'lr': 0.1, 'flag': 'MCTS'}, 'SA': {'RS_iters': 5000, 'sa_iters': 100, 'eps': 0.05, 'lr': 0.1, 'flag': 'SA'}, 'RME': {'N': 100}}",-8.3059994218
1,840,18.1292026935,"[22, 25, 14, 22, 22, 15, 14, 4, 19, 28]",RME,rep,10,30,10,0.9500000000000001,10000,876.2881600857,"{'APS': {'cooling_schedule': array([     1,     11,     21, ..., 999971, 999981, 999991])}, 'MCTS': {'RS_iters': 5000, 'mcts_iters': 100, 'eps': 0.05, 'lr': 0.1, 'flag': 'MCTS'}, 'SA': {'RS_iters': 5000, 'sa_iters': 100, 'eps': 0.05, 'lr': 0.1, 'flag': 'SA'}, 'RME': {'N': 100}}",-7.8707973065
1,855,17.549094195,"[9, 23, 3, 20, 6, 4, 24, 27, 11, 24]",RME,rep,10,30,10,0.9500000000000001,10000,890.1332938671,"{'APS': {'cooling_schedule': array([     1,     11,     21, ..., 999971, 999981, 999991])}, 'MCTS': {'RS_iters': 5000, 'mcts_iters': 100, 'eps': 0.05, 'lr': 0.1, 'flag': 'MCTS'}, 'SA': {'RS_iters': 5000, 'sa_iters': 100, 'eps': 0.05, 'lr': 0.1, 'flag': 'SA'}, 'RME': {'N': 100}}",-8.450905805
1,870,17.8452764267,"[6, 12, 3, 6, 3, 24, 21, 4, 23, 8]",RME,rep,10,30,10,0.9500000000000001,10000,905.3893170357,"{'APS': {'cooling_schedule': array([     1,     11,     21, ..., 999971, 999981, 999991])}, 'MCTS': {'RS_iters': 5000, 'mcts_iters': 100, 'eps': 0.05, 'lr': 0.1, 'flag': 'MCTS'}, 'SA': {'RS_iters': 5000, 'sa_iters': 100, 'eps': 0.05, 'lr': 0.1, 'flag': 'SA'}, 'RME': {'N': 100}}",-8.1547235733
1,885,18.1849451816,"[3, 16, 3, 19, 18, 0, 14, 15, 28, 6]",RME,rep,10,30,10,0.9500000000000001,10000,921.5045416355,"{'APS': {'cooling_schedule': array([     1,     11,     21, ..., 999971, 999981, 999991])}, 'MCTS': {'RS_iters': 5000, 'mcts_iters': 100, 'eps': 0.05, 'lr': 0.1, 'flag': 'MCTS'}, 'SA': {'RS_iters': 5000, 'sa_iters': 100, 'eps': 0.05, 'lr': 0.1, 'flag': 'SA'}, 'RME': {'N': 100}}",-7.8150548184
1,900,18.403559168,"[9, 0, 3, 3, 6, 28, 28, 4, 4, 28]",RME,rep,10,30,10,0.9500000000000001,10000,935.8407270908,"{'APS': {'cooling_schedule': array([     1,     11,     21, ..., 999971, 999981, 999991])}, 'MCTS': {'RS_iters': 5000, 'mcts_iters': 100, 'eps': 0.05, 'lr': 0.1, 'flag': 'MCTS'}, 'SA': {'RS_iters': 5000, 'sa_iters': 100, 'eps': 0.05, 'lr': 0.1, 'flag': 'SA'}, 'RME': {'N': 100}}",-7.596440832
1,915,18.1663072547,"[7, 9, 3, 1, 7, 20, 17, 13, 11, 12]",RME,rep,10,30,10,0.9500000000000001,10000,950.8933773041,"{'APS': {'cooling_schedule': array([     1,     11,     21, ..., 999971, 999981, 999991])}, 'MCTS': {'RS_iters': 5000, 'mcts_iters': 100, 'eps': 0.05, 'lr': 0.1, 'flag': 'MCTS'}, 'SA': {'RS_iters': 5000, 'sa_iters': 100, 'eps': 0.05, 'lr': 0.1, 'flag': 'SA'}, 'RME': {'N': 100}}",-7.8336927453000005
1,930,18.2295268015,"[6, 9, 0, 8, 16, 24, 27, 4, 10, 10]",RME,rep,10,30,10,0.9500000000000001,10000,965.1130437851,"{'APS': {'cooling_schedule': array([     1,     11,     21, ..., 999971, 999981, 999991])}, 'MCTS': {'RS_iters': 5000, 'mcts_iters': 100, 'eps': 0.05, 'lr': 0.1, 'flag': 'MCTS'}, 'SA': {'RS_iters': 5000, 'sa_iters': 100, 'eps': 0.05, 'lr': 0.1, 'flag': 'SA'}, 'RME': {'N': 100}}",-7.7704731985
1,945,18.9010369452,"[6, 10, 26, 4, 14, 13, 14, 25, 11, 28]",RME,rep,10,30,10,0.9500000000000001,10000,980.8612790108,"{'APS': {'cooling_schedule': array([     1,     11,     21, ..., 999971, 999981, 999991])}, 'MCTS': {'RS_iters': 5000, 'mcts_iters': 100, 'eps': 0.05, 'lr': 0.1, 'flag': 'MCTS'}, 'SA': {'RS_iters': 5000, 'sa_iters': 100, 'eps': 0.05, 'lr': 0.1, 'flag': 'SA'}, 'RME': {'N': 100}}",-7.0989630548000004
1,960,18.3055458443,"[6, 20, 7, 14, 6, 18, 24, 4, 11, 10]",RME,rep,10,30,10,0.9500000000000001,10000,996.0546469688,"{'APS': {'cooling_schedule': array([     1,     11,     21, ..., 999971, 999981, 999991])}, 'MCTS': {'RS_iters': 5000, 'mcts_iters': 100, 'eps': 0.05, 'lr': 0.1, 'flag': 'MCTS'}, 'SA': {'RS_iters': 5000, 'sa_iters': 100, 'eps': 0.05, 'lr': 0.1, 'flag': 'SA'}, 'RME': {'N': 100}}",-7.6944541557
1,975,18.9497422481,"[6, 9, 20, 19, 20, 16, 6, 13, 11, 29]",RME,rep,10,30,10,0.9500000000000001,10000,1010.5908510685,"{'APS': {'cooling_schedule': array([     1,     11,     21, ..., 999971, 999981, 999991])}, 'MCTS': {'RS_iters': 5000, 'mcts_iters': 100, 'eps': 0.05, 'lr': 0.1, 'flag': 'MCTS'}, 'SA': {'RS_iters': 5000, 'sa_iters': 100, 'eps': 0.05, 'lr': 0.1, 'flag': 'SA'}, 'RME': {'N': 100}}",-7.0502577519
1,990,18.105575417,"[27, 1, 1, 19, 22, 29, 14, 27, 11, 21]",RME,rep,10,30,10,0.9500000000000001,10000,1026.3893756866,"{'APS': {'cooling_schedule': array([     1,     11,     21, ..., 999971, 999981, 999991])}, 'MCTS': {'RS_iters': 5000, 'mcts_iters': 100, 'eps': 0.05, 'lr': 0.1, 'flag': 'MCTS'}, 'SA': {'RS_iters': 5000, 'sa_iters': 100, 'eps': 0.05, 'lr': 0.1, 'flag': 'SA'}, 'RME': {'N': 100}}",-7.894424583
1,1005,18.6893730091,"[6, 14, 27, 4, 6, 10, 21, 4, 17, 28]",RME,rep,10,30,10,0.9500000000000001,10000,1039.9710204601,"{'APS': {'cooling_schedule': array([     1,     11,     21, ..., 999971, 999981, 999991])}, 'MCTS': {'RS_iters': 5000, 'mcts_iters': 100, 'eps': 0.05, 'lr': 0.1, 'flag': 'MCTS'}, 'SA': {'RS_iters': 5000, 'sa_iters': 100, 'eps': 0.05, 'lr': 0.1, 'flag': 'SA'}, 'RME': {'N': 100}}",-7.3106269909
1,1020,18.7610910197,"[1, 9, 3, 19, 7, 0, 14, 17, 28, 11]",RME,rep,10,30,10,0.9500000000000001,10000,1055.4926171303,"{'APS': {'cooling_schedule': array([     1,     11,     21, ..., 999971, 999981, 999991])}, 'MCTS': {'RS_iters': 5000, 'mcts_iters': 100, 'eps': 0.05, 'lr': 0.1, 'flag': 'MCTS'}, 'SA': {'RS_iters': 5000, 'sa_iters': 100, 'eps': 0.05, 'lr': 0.1, 'flag': 'SA'}, 'RME': {'N': 100}}",-7.2389089803
1,1035,18.3810732904,"[26, 24, 3, 19, 6, 6, 2, 4, 2, 12]",RME,rep,10,30,10,0.9500000000000001,10000,1071.6145870686,"{'APS': {'cooling_schedule': array([     1,     11,     21, ..., 999971, 999981, 999991])}, 'MCTS': {'RS_iters': 5000, 'mcts_iters': 100, 'eps': 0.05, 'lr': 0.1, 'flag': 'MCTS'}, 'SA': {'RS_iters': 5000, 'sa_iters': 100, 'eps': 0.05, 'lr': 0.1, 'flag': 'SA'}, 'RME': {'N': 100}}",-7.6189267096
1,1050,19.3512027831,"[11, 9, 3, 19, 12, 25, 20, 4, 17, 6]",RME,rep,10,30,10,0.9500000000000001,10000,1085.9345202446,"{'APS': {'cooling_schedule': array([     1,     11,     21, ..., 999971, 999981, 999991])}, 'MCTS': {'RS_iters': 5000, 'mcts_iters': 100, 'eps': 0.05, 'lr': 0.1, 'flag': 'MCTS'}, 'SA': {'RS_iters': 5000, 'sa_iters': 100, 'eps': 0.05, 'lr': 0.1, 'flag': 'SA'}, 'RME': {'N': 100}}",-6.6487972169
1,1065,19.3543499483,"[14, 7, 3, 19, 13, 23, 18, 4, 12, 28]",RME,rep,10,30,10,0.9500000000000001,10000,1100.9173088074,"{'APS': {'cooling_schedule': array([     1,     11,     21, ..., 999971, 999981, 999991])}, 'MCTS': {'RS_iters': 5000, 'mcts_iters': 100, 'eps': 0.05, 'lr': 0.1, 'flag': 'MCTS'}, 'SA': {'RS_iters': 5000, 'sa_iters': 100, 'eps': 0.05, 'lr': 0.1, 'flag': 'SA'}, 'RME': {'N': 100}}",-6.6456500517
1,1080,17.6090544556,"[7, 9, 22, 4, 13, 20, 12, 29, 11, 17]",RME,rep,10,30,10,0.9500000000000001,10000,1114.8944885731,"{'APS': {'cooling_schedule': array([     1,     11,     21, ..., 999971, 999981, 999991])}, 'MCTS': {'RS_iters': 5000, 'mcts_iters': 100, 'eps': 0.05, 'lr': 0.1, 'flag': 'MCTS'}, 'SA': {'RS_iters': 5000, 'sa_iters': 100, 'eps': 0.05, 'lr': 0.1, 'flag': 'SA'}, 'RME': {'N': 100}}",-8.3909455444
1,1095,18.3712707033,"[6, 24, 3, 19, 12, 18, 21, 26, 3, 11]",RME,rep,10,30,10,0.9500000000000001,10000,1131.1845078468,"{'APS': {'cooling_schedule': array([     1,     11,     21, ..., 999971, 999981, 999991])}, 'MCTS': {'RS_iters': 5000, 'mcts_iters': 100, 'eps': 0.05, 'lr': 0.1, 'flag': 'MCTS'}, 'SA': {'RS_iters': 5000, 'sa_iters': 100, 'eps': 0.05, 'lr': 0.1, 'flag': 'SA'}, 'RME': {'N': 100}}",-7.6287292966999996
1,1110,18.3115845973,"[19, 8, 3, 19, 12, 14, 5, 8, 11, 8]",RME,rep,10,30,10,0.9500000000000001,10000,1145.8976364136,"{'APS': {'cooling_schedule': array([     1,     11,     21, ..., 999971, 999981, 999991])}, 'MCTS': {'RS_iters': 5000, 'mcts_iters': 100, 'eps': 0.05, 'lr': 0.1, 'flag': 'MCTS'}, 'SA': {'RS_iters': 5000, 'sa_iters': 100, 'eps': 0.05, 'lr': 0.1, 'flag': 'SA'}, 'RME': {'N': 100}}",-7.6884154027000005
1,1125,18.5525111115,"[6, 13, 21, 3, 29, 10, 25, 4, 24, 28]",RME,rep,10,30,10,0.9500000000000001,10000,1160.7070789337,"{'APS': {'cooling_schedule': array([     1,     11,     21, ..., 999971, 999981, 999991])}, 'MCTS': {'RS_iters': 5000, 'mcts_iters': 100, 'eps': 0.05, 'lr': 0.1, 'flag': 'MCTS'}, 'SA': {'RS_iters': 5000, 'sa_iters': 100, 'eps': 0.05, 'lr': 0.1, 'flag': 'SA'}, 'RME': {'N': 100}}",-7.4474888885
1,1140,18.9587187337,"[6, 1, 27, 19, 29, 24, 14, 27, 2, 13]",RME,rep,10,30,10,0.9500000000000001,10000,1175.9219300747,"{'APS': {'cooling_schedule': array([     1,     11,     21, ..., 999971, 999981, 999991])}, 'MCTS': {'RS_iters': 5000, 'mcts_iters': 100, 'eps': 0.05, 'lr': 0.1, 'flag': 'MCTS'}, 'SA': {'RS_iters': 5000, 'sa_iters': 100, 'eps': 0.05, 'lr': 0.1, 'flag': 'SA'}, 'RME': {'N': 100}}",-7.0412812663
1,1155,18.3640330623,"[6, 6, 18, 21, 29, 6, 14, 4, 13, 18]",RME,rep,10,30,10,0.9500000000000001,10000,1190.2105748653,"{'APS': {'cooling_schedule': array([     1,     11,     21, ..., 999971, 999981, 999991])}, 'MCTS': {'RS_iters': 5000, 'mcts_iters': 100, 'eps': 0.05, 'lr': 0.1, 'flag': 'MCTS'}, 'SA': {'RS_iters': 5000, 'sa_iters': 100, 'eps': 0.05, 'lr': 0.1, 'flag': 'SA'}, 'RME': {'N': 100}}",-7.6359669377
1,1170,18.1456627142,"[26, 9, 12, 9, 13, 16, 14, 1, 11, 15]",RME,rep,10,30,10,0.9500000000000001,10000,1205.428841114,"{'APS': {'cooling_schedule': array([     1,     11,     21, ..., 999971, 999981, 999991])}, 'MCTS': {'RS_iters': 5000, 'mcts_iters': 100, 'eps': 0.05, 'lr': 0.1, 'flag': 'MCTS'}, 'SA': {'RS_iters': 5000, 'sa_iters': 100, 'eps': 0.05, 'lr': 0.1, 'flag': 'SA'}, 'RME': {'N': 100}}",-7.8543372858
1,1185,18.0512114866,"[17, 9, 5, 1, 14, 24, 1, 15, 2, 28]",RME,rep,10,30,10,0.9500000000000001,10000,1221.7444798946,"{'APS': {'cooling_schedule': array([     1,     11,     21, ..., 999971, 999981, 999991])}, 'MCTS': {'RS_iters': 5000, 'mcts_iters': 100, 'eps': 0.05, 'lr': 0.1, 'flag': 'MCTS'}, 'SA': {'RS_iters': 5000, 'sa_iters': 100, 'eps': 0.05, 'lr': 0.1, 'flag': 'SA'}, 'RME': {'N': 100}}",-7.9487885134
1,1200,18.1502193774,"[20, 1, 3, 22, 22, 17, 14, 4, 14, 23]",RME,rep,10,30,10,0.9500000000000001,10000,1235.7238161564,"{'APS': {'cooling_schedule': array([     1,     11,     21, ..., 999971, 999981, 999991])}, 'MCTS': {'RS_iters': 5000, 'mcts_iters': 100, 'eps': 0.05, 'lr': 0.1, 'flag': 'MCTS'}, 'SA': {'RS_iters': 5000, 'sa_iters': 100, 'eps': 0.05, 'lr': 0.1, 'flag': 'SA'}, 'RME': {'N': 100}}",-7.8497806226
2,15,16.023209632,"[10, 29, 14, 1, 23, 4, 11, 3, 11, 20]",RME,rep,10,30,10,0.9500000000000001,10000,51.0618870258,"{'APS': {'cooling_schedule': array([     1,     11,     21, ..., 999971, 999981, 999991])}, 'MCTS': {'RS_iters': 5000, 'mcts_iters': 100, 'eps': 0.05, 'lr': 0.1, 'flag': 'MCTS'}, 'SA': {'RS_iters': 5000, 'sa_iters': 100, 'eps': 0.05, 'lr': 0.1, 'flag': 'SA'}, 'RME': {'N': 100}}",-9.976790368
2,30,16.3705748193,"[6, 20, 4, 4, 12, 28, 26, 22, 2, 23]",RME,rep,10,30,10,0.9500000000000001,10000,66.3511381149,"{'APS': {'cooling_schedule': array([     1,     11,     21, ..., 999971, 999981, 999991])}, 'MCTS': {'RS_iters': 5000, 'mcts_iters': 100, 'eps': 0.05, 'lr': 0.1, 'flag': 'MCTS'}, 'SA': {'RS_iters': 5000, 'sa_iters': 100, 'eps': 0.05, 'lr': 0.1, 'flag': 'SA'}, 'RME': {'N': 100}}",-9.6294251807
2,45,17.1086817695,"[6, 28, 13, 15, 20, 4, 25, 17, 11, 7]",RME,rep,10,30,10,0.9500000000000001,10000,81.1020128727,"{'APS': {'cooling_schedule': array([     1,     11,     21, ..., 999971, 999981, 999991])}, 'MCTS': {'RS_iters': 5000, 'mcts_iters': 100, 'eps': 0.05, 'lr': 0.1, 'flag': 'MCTS'}, 'SA': {'RS_iters': 5000, 'sa_iters': 100, 'eps': 0.05, 'lr': 0.1, 'flag': 'SA'}, 'RME': {'N': 100}}",-8.8913182305
2,60,17.0021601845,"[11, 7, 5, 9, 18, 22, 24, 4, 14, 28]",RME,rep,10,30,10,0.9500000000000001,10000,95.1691756248,"{'APS': {'cooling_schedule': array([     1,     11,     21, ..., 999971, 999981, 999991])}, 'MCTS': {'RS_iters': 5000, 'mcts_iters': 100, 'eps': 0.05, 'lr': 0.1, 'flag': 'MCTS'}, 'SA': {'RS_iters': 5000, 'sa_iters': 100, 'eps': 0.05, 'lr': 0.1, 'flag': 'SA'}, 'RME': {'N': 100}}",-8.9978398155
2,75,17.5503184816,"[2, 21, 7, 19, 14, 5, 12, 10, 25, 28]",RME,rep,10,30,10,0.9500000000000001,10000,111.1740343571,"{'APS': {'cooling_schedule': array([     1,     11,     21, ..., 999971, 999981, 999991])}, 'MCTS': {'RS_iters': 5000, 'mcts_iters': 100, 'eps': 0.05, 'lr': 0.1, 'flag': 'MCTS'}, 'SA': {'RS_iters': 5000, 'sa_iters': 100, 'eps': 0.05, 'lr': 0.1, 'flag': 'SA'}, 'RME': {'N': 100}}",-8.4496815184
2,90,16.8240225839,"[15, 14, 3, 25, 2, 6, 8, 23, 11, 0]",RME,rep,10,30,10,0.9500000000000001,10000,125.3258883953,"{'APS': {'cooling_schedule': array([     1,     11,     21, ..., 999971, 999981, 999991])}, 'MCTS': {'RS_iters': 5000, 'mcts_iters': 100, 'eps': 0.05, 'lr': 0.1, 'flag': 'MCTS'}, 'SA': {'RS_iters': 5000, 'sa_iters': 100, 'eps': 0.05, 'lr': 0.1, 'flag': 'SA'}, 'RME': {'N': 100}}",-9.1759774161
2,105,17.0652804613,"[6, 20, 3, 14, 13, 21, 18, 29, 6, 4]",RME,rep,10,30,10,0.9500000000000001,10000,140.7393672466,"{'APS': {'cooling_schedule': array([     1,     11,     21, ..., 999971, 999981, 999991])}, 'MCTS': {'RS_iters': 5000, 'mcts_iters': 100, 'eps': 0.05, 'lr': 0.1, 'flag': 'MCTS'}, 'SA': {'RS_iters': 5000, 'sa_iters': 100, 'eps': 0.05, 'lr': 0.1, 'flag': 'SA'}, 'RME': {'N': 100}}",-8.9347195387
2,120,17.2904307115,"[0, 9, 24, 14, 25, 10, 18, 12, 4, 28]",RME,rep,10,30,10,0.9500000000000001,10000,156.2429010868,"{'APS': {'cooling_schedule': array([     1,     11,     21, ..., 999971, 999981, 999991])}, 'MCTS': {'RS_iters': 5000, 'mcts_iters': 100, 'eps': 0.05, 'lr': 0.1, 'flag': 'MCTS'}, 'SA': {'RS_iters': 5000, 'sa_iters': 100, 'eps': 0.05, 'lr': 0.1, 'flag': 'SA'}, 'RME': {'N': 100}}",-8.7095692885
2,135,17.1568901326,"[7, 23, 3, 17, 13, 19, 17, 26, 11, 27]",RME,rep,10,30,10,0.9500000000000001,10000,170.242225647,"{'APS': {'cooling_schedule': array([     1,     11,     21, ..., 999971, 999981, 999991])}, 'MCTS': {'RS_iters': 5000, 'mcts_iters': 100, 'eps': 0.05, 'lr': 0.1, 'flag': 'MCTS'}, 'SA': {'RS_iters': 5000, 'sa_iters': 100, 'eps': 0.05, 'lr': 0.1, 'flag': 'SA'}, 'RME': {'N': 100}}",-8.8431098674
2,150,17.7855295509,"[6, 6, 14, 19, 23, 22, 0, 4, 0, 29]",RME,rep,10,30,10,0.9500000000000001,10000,185.730060339,"{'APS': {'cooling_schedule': array([     1,     11,     21, ..., 999971, 999981, 999991])}, 'MCTS': {'RS_iters': 5000, 'mcts_iters': 100, 'eps': 0.05, 'lr': 0.1, 'flag': 'MCTS'}, 'SA': {'RS_iters': 5000, 'sa_iters': 100, 'eps': 0.05, 'lr': 0.1, 'flag': 'SA'}, 'RME': {'N': 100}}",-8.2144704491
2,165,17.5328808179,"[6, 9, 8, 14, 9, 20, 22, 4, 16, 29]",RME,rep,10,30,10,0.9500000000000001,10000,201.36972785,"{'APS': {'cooling_schedule': array([     1,     11,     21, ..., 999971, 999981, 999991])}, 'MCTS': {'RS_iters': 5000, 'mcts_iters': 100, 'eps': 0.05, 'lr': 0.1, 'flag': 'MCTS'}, 'SA': {'RS_iters': 5000, 'sa_iters': 100, 'eps': 0.05, 'lr': 0.1, 'flag': 'SA'}, 'RME': {'N': 100}}",-8.4671191821
2,180,18.1983421395,"[27, 3, 3, 7, 13, 23, 19, 4, 1, 28]",RME,rep,10,30,10,0.9500000000000001,10000,216.0706791878,"{'APS': {'cooling_schedule': array([     1,     11,     21, ..., 999971, 999981, 999991])}, 'MCTS': {'RS_iters': 5000, 'mcts_iters': 100, 'eps': 0.05, 'lr': 0.1, 'flag': 'MCTS'}, 'SA': {'RS_iters': 5000, 'sa_iters': 100, 'eps': 0.05, 'lr': 0.1, 'flag': 'SA'}, 'RME': {'N': 100}}",-7.8016578605
2,195,17.3197913261,"[10, 3, 3, 9, 20, 20, 6, 4, 7, 8]",RME,rep,10,30,10,0.9500000000000001,10000,230.7789099216,"{'APS': {'cooling_schedule': array([     1,     11,     21, ..., 999971, 999981, 999991])}, 'MCTS': {'RS_iters': 5000, 'mcts_iters': 100, 'eps': 0.05, 'lr': 0.1, 'flag': 'MCTS'}, 'SA': {'RS_iters': 5000, 'sa_iters': 100, 'eps': 0.05, 'lr': 0.1, 'flag': 'SA'}, 'RME': {'N': 100}}",-8.6802086739
2,210,17.9938405378,"[29, 9, 3, 13, 12, 0, 6, 0, 11, 16]",RME,rep,10,30,10,0.9500000000000001,10000,245.2469639778,"{'APS': {'cooling_schedule': array([     1,     11,     21, ..., 999971, 999981, 999991])}, 'MCTS': {'RS_iters': 5000, 'mcts_iters': 100, 'eps': 0.05, 'lr': 0.1, 'flag': 'MCTS'}, 'SA': {'RS_iters': 5000, 'sa_iters': 100, 'eps': 0.05, 'lr': 0.1, 'flag': 'SA'}, 'RME': {'N': 100}}",-8.0061594622
2,225,17.7634340226,"[6, 28, 29, 19, 17, 10, 19, 10, 25, 28]",RME,rep,10,30,10,0.9500000000000001,10000,260.807287693,"{'APS': {'cooling_schedule': array([     1,     11,     21, ..., 999971, 999981, 999991])}, 'MCTS': {'RS_iters': 5000, 'mcts_iters': 100, 'eps': 0.05, 'lr': 0.1, 'flag': 'MCTS'}, 'SA': {'RS_iters': 5000, 'sa_iters': 100, 'eps': 0.05, 'lr': 0.1, 'flag': 'SA'}, 'RME': {'N': 100}}",-8.2365659774
2,240,17.8443965305,"[0, 9, 13, 28, 7, 22, 27, 4, 11, 7]",RME,rep,10,30,10,0.9500000000000001,10000,276.3084163666,"{'APS': {'cooling_schedule': array([     1,     11,     21, ..., 999971, 999981, 999991])}, 'MCTS': {'RS_iters': 5000, 'mcts_iters': 100, 'eps': 0.05, 'lr': 0.1, 'flag': 'MCTS'}, 'SA': {'RS_iters': 5000, 'sa_iters': 100, 'eps': 0.05, 'lr': 0.1, 'flag': 'SA'}, 'RME': {'N': 100}}",-8.1556034695
2,255,17.3698256677,"[6, 7, 19, 9, 6, 1, 22, 17, 11, 26]",RME,rep,10,30,10,0.9500000000000001,10000,290.8138427734,"{'APS': {'cooling_schedule': array([     1,     11,     21, ..., 999971, 999981, 999991])}, 'MCTS': {'RS_iters': 5000, 'mcts_iters': 100, 'eps': 0.05, 'lr': 0.1, 'flag': 'MCTS'}, 'SA': {'RS_iters': 5000, 'sa_iters': 100, 'eps': 0.05, 'lr': 0.1, 'flag': 'SA'}, 'RME': {'N': 100}}",-8.6301743323
2,270,17.2164304287,"[1, 9, 3, 22, 14, 14, 18, 10, 29, 20]",RME,rep,10,30,10,0.9500000000000001,10000,305.5090792179,"{'APS': {'cooling_schedule': array([     1,     11,     21, ..., 999971, 999981, 999991])}, 'MCTS': {'RS_iters': 5000, 'mcts_iters': 100, 'eps': 0.05, 'lr': 0.1, 'flag': 'MCTS'}, 'SA': {'RS_iters': 5000, 'sa_iters': 100, 'eps': 0.05, 'lr': 0.1, 'flag': 'SA'}, 'RME': {'N': 100}}",-8.7835695713
2,285,17.5188128113,"[6, 6, 10, 24, 18, 24, 14, 21, 29, 26]",RME,rep,10,30,10,0.9500000000000001,10000,320.1799662113,"{'APS': {'cooling_schedule': array([     1,     11,     21, ..., 999971, 999981, 999991])}, 'MCTS': {'RS_iters': 5000, 'mcts_iters': 100, 'eps': 0.05, 'lr': 0.1, 'flag': 'MCTS'}, 'SA': {'RS_iters': 5000, 'sa_iters': 100, 'eps': 0.05, 'lr': 0.1, 'flag': 'SA'}, 'RME': {'N': 100}}",-8.4811871887
2,300,17.1980795422,"[23, 1, 3, 10, 29, 3, 27, 14, 17, 28]",RME,rep,10,30,10,0.9500000000000001,10000,334.9995040894,"{'APS': {'cooling_schedule': array([     1,     11,     21, ..., 999971, 999981, 999991])}, 'MCTS': {'RS_iters': 5000, 'mcts_iters': 100, 'eps': 0.05, 'lr': 0.1, 'flag': 'MCTS'}, 'SA': {'RS_iters': 5000, 'sa_iters': 100, 'eps': 0.05, 'lr': 0.1, 'flag': 'SA'}, 'RME': {'N': 100}}",-8.8019204578
2,315,17.790822451,"[6, 9, 24, 5, 24, 18, 26, 9, 11, 26]",RME,rep,10,30,10,0.9500000000000001,10000,350.3250584602,"{'APS': {'cooling_schedule': array([     1,     11,     21, ..., 999971, 999981, 999991])}, 'MCTS': {'RS_iters': 5000, 'mcts_iters': 100, 'eps': 0.05, 'lr': 0.1, 'flag': 'MCTS'}, 'SA': {'RS_iters': 5000, 'sa_iters': 100, 'eps': 0.05, 'lr': 0.1, 'flag': 'SA'}, 'RME': {'N': 100}}",-8.209177549
2,330,17.510022133,"[29, 2, 11, 3, 13, 17, 1, 4, 11, 29]",RME,rep,10,30,10,0.9500000000000001,10000,366.1109240055,"{'APS': {'cooling_schedule': array([     1,     11,     21, ..., 999971, 999981, 999991])}, 'MCTS': {'RS_iters': 5000, 'mcts_iters': 100, 'eps': 0.05, 'lr': 0.1, 'flag': 'MCTS'}, 'SA': {'RS_iters': 5000, 'sa_iters': 100, 'eps': 0.05, 'lr': 0.1, 'flag': 'SA'}, 'RME': {'N': 100}}",-8.489977867
2,345,17.4936981223,"[6, 13, 9, 9, 12, 4, 14, 23, 3, 7]",RME,rep,10,30,10,0.9500000000000001,10000,381.0268759727,"{'APS': {'cooling_schedule': array([     1,     11,     21, ..., 999971, 999981, 999991])}, 'MCTS': {'RS_iters': 5000, 'mcts_iters': 100, 'eps': 0.05, 'lr': 0.1, 'flag': 'MCTS'}, 'SA': {'RS_iters': 5000, 'sa_iters': 100, 'eps': 0.05, 'lr': 0.1, 'flag': 'SA'}, 'RME': {'N': 100}}",-8.5063018777
2,360,17.8536534037,"[6, 19, 1, 12, 29, 8, 14, 7, 11, 24]",RME,rep,10,30,10,0.9500000000000001,10000,395.4985985756,"{'APS': {'cooling_schedule': array([     1,     11,     21, ..., 999971, 999981, 999991])}, 'MCTS': {'RS_iters': 5000, 'mcts_iters': 100, 'eps': 0.05, 'lr': 0.1, 'flag': 'MCTS'}, 'SA': {'RS_iters': 5000, 'sa_iters': 100, 'eps': 0.05, 'lr': 0.1, 'flag': 'SA'}, 'RME': {'N': 100}}",-8.1463465963
2,375,17.3055271163,"[24, 4, 15, 2, 13, 1, 22, 5, 11, 28]",RME,rep,10,30,10,0.9500000000000001,10000,411.3226296902,"{'APS': {'cooling_schedule': array([     1,     11,     21, ..., 999971, 999981, 999991])}, 'MCTS': {'RS_iters': 5000, 'mcts_iters': 100, 'eps': 0.05, 'lr': 0.1, 'flag': 'MCTS'}, 'SA': {'RS_iters': 5000, 'sa_iters': 100, 'eps': 0.05, 'lr': 0.1, 'flag': 'SA'}, 'RME': {'N': 100}}",-8.6944728837
2,390,17.6104726371,"[6, 2, 3, 18, 3, 3, 27, 20, 15, 28]",RME,rep,10,30,10,0.9500000000000001,10000,425.8744249344,"{'APS': {'cooling_schedule': array([     1,     11,     21, ..., 999971, 999981, 999991])}, 'MCTS': {'RS_iters': 5000, 'mcts_iters': 100, 'eps': 0.05, 'lr': 0.1, 'flag': 'MCTS'}, 'SA': {'RS_iters': 5000, 'sa_iters': 100, 'eps': 0.05, 'lr': 0.1, 'flag': 'SA'}, 'RME': {'N': 100}}",-8.389527362900001
2,405,18.0466253945,"[6, 22, 3, 19, 7, 5, 9, 6, 29, 29]",RME,rep,10,30,10,0.9500000000000001,10000,441.7283308506,"{'APS': {'cooling_schedule': array([     1,     11,     21, ..., 999971, 999981, 999991])}, 'MCTS': {'RS_iters': 5000, 'mcts_iters': 100, 'eps': 0.05, 'lr': 0.1, 'flag': 'MCTS'}, 'SA': {'RS_iters': 5000, 'sa_iters': 100, 'eps': 0.05, 'lr': 0.1, 'flag': 'SA'}, 'RME': {'N': 100}}",-7.9533746055000005
2,420,19.3314021723,"[14, 13, 3, 28, 14, 19, 14, 4, 11, 22]",RME,rep,10,30,10,0.9500000000000001,10000,455.2602934837,"{'APS': {'cooling_schedule': array([     1,     11,     21, ..., 999971, 999981, 999991])}, 'MCTS': {'RS_iters': 5000, 'mcts_iters': 100, 'eps': 0.05, 'lr': 0.1, 'flag': 'MCTS'}, 'SA': {'RS_iters': 5000, 'sa_iters': 100, 'eps': 0.05, 'lr': 0.1, 'flag': 'SA'}, 'RME': {'N': 100}}",-6.6685978277
2,435,17.3977717254,"[3, 25, 23, 19, 12, 18, 11, 4, 21, 29]",RME,rep,10,30,10,0.9500000000000001,10000,470.1924333572,"{'APS': {'cooling_schedule': array([     1,     11,     21, ..., 999971, 999981, 999991])}, 'MCTS': {'RS_iters': 5000, 'mcts_iters': 100, 'eps': 0.05, 'lr': 0.1, 'flag': 'MCTS'}, 'SA': {'RS_iters': 5000, 'sa_iters': 100, 'eps': 0.05, 'lr': 0.1, 'flag': 'SA'}, 'RME': {'N': 100}}",-8.6022282746
2,450,17.4605949217,"[9, 15, 3, 19, 29, 27, 25, 23, 5, 10]",RME,rep,10,30,10,0.9500000000000001,10000,485.1451342106,"{'APS': {'cooling_schedule': array([     1,     11,     21, ..., 999971, 999981, 999991])}, 'MCTS': {'RS_iters': 5000, 'mcts_iters': 100, 'eps': 0.05, 'lr': 0.1, 'flag': 'MCTS'}, 'SA': {'RS_iters': 5000, 'sa_iters': 100, 'eps': 0.05, 'lr': 0.1, 'flag': 'SA'}, 'RME': {'N': 100}}",-8.5394050783
2,465,17.3601167743,"[21, 0, 24, 19, 29, 29, 28, 4, 15, 22]",RME,rep,10,30,10,0.9500000000000001,10000,501.0266764164,"{'APS': {'cooling_schedule': array([     1,     11,     21, ..., 999971, 999981, 999991])}, 'MCTS': {'RS_iters': 5000, 'mcts_iters': 100, 'eps': 0.05, 'lr': 0.1, 'flag': 'MCTS'}, 'SA': {'RS_iters': 5000, 'sa_iters': 100, 'eps': 0.05, 'lr': 0.1, 'flag': 'SA'}, 'RME': {'N': 100}}",-8.6398832257
2,480,18.086906179,"[20, 9, 23, 13, 12, 3, 27, 4, 11, 15]",RME,rep,10,30,10,0.9500000000000001,10000,515.864897728,"{'APS': {'cooling_schedule': array([     1,     11,     21, ..., 999971, 999981, 999991])}, 'MCTS': {'RS_iters': 5000, 'mcts_iters': 100, 'eps': 0.05, 'lr': 0.1, 'flag': 'MCTS'}, 'SA': {'RS_iters': 5000, 'sa_iters': 100, 'eps': 0.05, 'lr': 0.1, 'flag': 'SA'}, 'RME': {'N': 100}}",-7.913093821
2,495,18.1901612028,"[9, 8, 9, 15, 2, 24, 14, 4, 11, 17]",RME,rep,10,30,10,0.9500000000000001,10000,530.7771821022,"{'APS': {'cooling_schedule': array([     1,     11,     21, ..., 999971, 999981, 999991])}, 'MCTS': {'RS_iters': 5000, 'mcts_iters': 100, 'eps': 0.05, 'lr': 0.1, 'flag': 'MCTS'}, 'SA': {'RS_iters': 5000, 'sa_iters': 100, 'eps': 0.05, 'lr': 0.1, 'flag': 'SA'}, 'RME': {'N': 100}}",-7.8098387972
2,510,18.4131320741,"[22, 26, 3, 19, 29, 18, 22, 4, 6, 21]",RME,rep,10,30,10,0.9500000000000001,10000,545.5054931641,"{'APS': {'cooling_schedule': array([     1,     11,     21, ..., 999971, 999981, 999991])}, 'MCTS': {'RS_iters': 5000, 'mcts_iters': 100, 'eps': 0.05, 'lr': 0.1, 'flag': 'MCTS'}, 'SA': {'RS_iters': 5000, 'sa_iters': 100, 'eps': 0.05, 'lr': 0.1, 'flag': 'SA'}, 'RME': {'N': 100}}",-7.5868679259
2,525,17.2507857346,"[6, 7, 3, 9, 20, 18, 1, 29, 13, 20]",RME,rep,10,30,10,0.9500000000000001,10000,561.276638031,"{'APS': {'cooling_schedule': array([     1,     11,     21, ..., 999971, 999981, 999991])}, 'MCTS': {'RS_iters': 5000, 'mcts_iters': 100, 'eps': 0.05, 'lr': 0.1, 'flag': 'MCTS'}, 'SA': {'RS_iters': 5000, 'sa_iters': 100, 'eps': 0.05, 'lr': 0.1, 'flag': 'SA'}, 'RME': {'N': 100}}",-8.7492142654
2,540,17.7990961293,"[1, 15, 3, 9, 24, 29, 14, 4, 23, 21]",RME,rep,10,30,10,0.9500000000000001,10000,575.7301239967,"{'APS': {'cooling_schedule': array([     1,     11,     21, ..., 999971, 999981, 999991])}, 'MCTS': {'RS_iters': 5000, 'mcts_iters': 100, 'eps': 0.05, 'lr': 0.1, 'flag': 'MCTS'}, 'SA': {'RS_iters': 5000, 'sa_iters': 100, 'eps': 0.05, 'lr': 0.1, 'flag': 'SA'}, 'RME': {'N': 100}}",-8.2009038707
2,555,18.1994005273,"[5, 4, 20, 19, 6, 24, 9, 9, 14, 28]",RME,rep,10,30,10,0.9500000000000001,10000,591.8152451515,"{'APS': {'cooling_schedule': array([     1,     11,     21, ..., 999971, 999981, 999991])}, 'MCTS': {'RS_iters': 5000, 'mcts_iters': 100, 'eps': 0.05, 'lr': 0.1, 'flag': 'MCTS'}, 'SA': {'RS_iters': 5000, 'sa_iters': 100, 'eps': 0.05, 'lr': 0.1, 'flag': 'SA'}, 'RME': {'N': 100}}",-7.8005994727
2,570,18.3357293137,"[0, 16, 22, 19, 29, 21, 17, 21, 11, 28]",RME,rep,10,30,10,0.9500000000000001,10000,605.2632741928,"{'APS': {'cooling_schedule': array([     1,     11,     21, ..., 999971, 999981, 999991])}, 'MCTS': {'RS_iters': 5000, 'mcts_iters': 100, 'eps': 0.05, 'lr': 0.1, 'flag': 'MCTS'}, 'SA': {'RS_iters': 5000, 'sa_iters': 100, 'eps': 0.05, 'lr': 0.1, 'flag': 'SA'}, 'RME': {'N': 100}}",-7.6642706863
2,585,18.2528217684,"[21, 9, 27, 19, 18, 4, 5, 18, 11, 12]",RME,rep,10,30,10,0.9500000000000001,10000,620.3507947922,"{'APS': {'cooling_schedule': array([     1,     11,     21, ..., 999971, 999981, 999991])}, 'MCTS': {'RS_iters': 5000, 'mcts_iters': 100, 'eps': 0.05, 'lr': 0.1, 'flag': 'MCTS'}, 'SA': {'RS_iters': 5000, 'sa_iters': 100, 'eps': 0.05, 'lr': 0.1, 'flag': 'SA'}, 'RME': {'N': 100}}",-7.7471782316
2,600,18.2495944978,"[6, 25, 9, 19, 24, 24, 16, 4, 26, 26]",RME,rep,10,30,10,0.9500000000000001,10000,634.9570884705,"{'APS': {'cooling_schedule': array([     1,     11,     21, ..., 999971, 999981, 999991])}, 'MCTS': {'RS_iters': 5000, 'mcts_iters': 100, 'eps': 0.05, 'lr': 0.1, 'flag': 'MCTS'}, 'SA': {'RS_iters': 5000, 'sa_iters': 100, 'eps': 0.05, 'lr': 0.1, 'flag': 'SA'}, 'RME': {'N': 100}}",-7.7504055022
2,615,18.3408821356,"[6, 12, 3, 19, 13, 21, 5, 17, 22, 20]",RME,rep,10,30,10,0.9500000000000001,10000,650.7343857288,"{'APS': {'cooling_schedule': array([     1,     11,     21, ..., 999971, 999981, 999991])}, 'MCTS': {'RS_iters': 5000, 'mcts_iters': 100, 'eps': 0.05, 'lr': 0.1, 'flag': 'MCTS'}, 'SA': {'RS_iters': 5000, 'sa_iters': 100, 'eps': 0.05, 'lr': 0.1, 'flag': 'SA'}, 'RME': {'N': 100}}",-7.6591178644
2,630,18.3451097025,"[4, 6, 24, 19, 20, 0, 14, 4, 4, 13]",RME,rep,10,30,10,0.9500000000000001,10000,665.7409117222,"{'APS': {'cooling_schedule': array([     1,     11,     21, ..., 999971, 999981, 999991])}, 'MCTS': {'RS_iters': 5000, 'mcts_iters': 100, 'eps': 0.05, 'lr': 0.1, 'flag': 'MCTS'}, 'SA': {'RS_iters': 5000, 'sa_iters': 100, 'eps': 0.05, 'lr': 0.1, 'flag': 'SA'}, 'RME': {'N': 100}}",-7.6548902975
2,645,18.2050949846,"[27, 9, 10, 4, 18, 23, 7, 4, 11, 8]",RME,rep,10,30,10,0.9500000000000001,10000,680.862981081,"{'APS': {'cooling_schedule': array([     1,     11,     21, ..., 999971, 999981, 999991])}, 'MCTS': {'RS_iters': 5000, 'mcts_iters': 100, 'eps': 0.05, 'lr': 0.1, 'flag': 'MCTS'}, 'SA': {'RS_iters': 5000, 'sa_iters': 100, 'eps': 0.05, 'lr': 0.1, 'flag': 'SA'}, 'RME': {'N': 100}}",-7.7949050154
2,660,18.0185734192,"[22, 16, 7, 0, 25, 24, 0, 4, 11, 22]",RME,rep,10,30,10,0.9500000000000001,10000,695.3835544586,"{'APS': {'cooling_schedule': array([     1,     11,     21, ..., 999971, 999981, 999991])}, 'MCTS': {'RS_iters': 5000, 'mcts_iters': 100, 'eps': 0.05, 'lr': 0.1, 'flag': 'MCTS'}, 'SA': {'RS_iters': 5000, 'sa_iters': 100, 'eps': 0.05, 'lr': 0.1, 'flag': 'SA'}, 'RME': {'N': 100}}",-7.9814265808
2,675,18.1913314126,"[1, 6, 3, 27, 14, 2, 22, 12, 11, 28]",RME,rep,10,30,10,0.9500000000000001,10000,711.0985586643,"{'APS': {'cooling_schedule': array([     1,     11,     21, ..., 999971, 999981, 999991])}, 'MCTS': {'RS_iters': 5000, 'mcts_iters': 100, 'eps': 0.05, 'lr': 0.1, 'flag': 'MCTS'}, 'SA': {'RS_iters': 5000, 'sa_iters': 100, 'eps': 0.05, 'lr': 0.1, 'flag': 'SA'}, 'RME': {'N': 100}}",-7.8086685874
2,690,18.9464757025,"[13, 9, 13, 11, 13, 24, 27, 4, 11, 2]",RME,rep,10,30,10,0.9500000000000001,10000,725.6804521084,"{'APS': {'cooling_schedule': array([     1,     11,     21, ..., 999971, 999981, 999991])}, 'MCTS': {'RS_iters': 5000, 'mcts_iters': 100, 'eps': 0.05, 'lr': 0.1, 'flag': 'MCTS'}, 'SA': {'RS_iters': 5000, 'sa_iters': 100, 'eps': 0.05, 'lr': 0.1, 'flag': 'SA'}, 'RME': {'N': 100}}",-7.0535242975
2,705,18.1985896131,"[29, 9, 3, 28, 14, 3, 14, 9, 14, 11]",RME,rep,10,30,10,0.9500000000000001,10000,741.7419281006,"{'APS': {'cooling_schedule': array([     1,     11,     21, ..., 999971, 999981, 999991])}, 'MCTS': {'RS_iters': 5000, 'mcts_iters': 100, 'eps': 0.05, 'lr': 0.1, 'flag': 'MCTS'}, 'SA': {'RS_iters': 5000, 'sa_iters': 100, 'eps': 0.05, 'lr': 0.1, 'flag': 'SA'}, 'RME': {'N': 100}}",-7.8014103869
2,720,18.223468681900002,"[1, 18, 0, 19, 29, 24, 8, 12, 27, 28]",RME,rep,10,30,10,0.9500000000000001,10000,755.2807343006,"{'APS': {'cooling_schedule': array([     1,     11,     21, ..., 999971, 999981, 999991])}, 'MCTS': {'RS_iters': 5000, 'mcts_iters': 100, 'eps': 0.05, 'lr': 0.1, 'flag': 'MCTS'}, 'SA': {'RS_iters': 5000, 'sa_iters': 100, 'eps': 0.05, 'lr': 0.1, 'flag': 'SA'}, 'RME': {'N': 100}}",-7.7765313181
2,735,18.3262506678,"[28, 16, 3, 19, 29, 2, 4, 4, 12, 9]",RME,rep,10,30,10,0.9500000000000001,10000,770.4679193497,"{'APS': {'cooling_schedule': array([     1,     11,     21, ..., 999971, 999981, 999991])}, 'MCTS': {'RS_iters': 5000, 'mcts_iters': 100, 'eps': 0.05, 'lr': 0.1, 'flag': 'MCTS'}, 'SA': {'RS_iters': 5000, 'sa_iters': 100, 'eps': 0.05, 'lr': 0.1, 'flag': 'SA'}, 'RME': {'N': 100}}",-7.6737493322
2,750,18.0346005005,"[6, 24, 24, 19, 2, 6, 23, 9, 2, 28]",RME,rep,10,30,10,0.9500000000000001,10000,785.2079138756,"{'APS': {'cooling_schedule': array([     1,     11,     21, ..., 999971, 999981, 999991])}, 'MCTS': {'RS_iters': 5000, 'mcts_iters': 100, 'eps': 0.05, 'lr': 0.1, 'flag': 'MCTS'}, 'SA': {'RS_iters': 5000, 'sa_iters': 100, 'eps': 0.05, 'lr': 0.1, 'flag': 'SA'}, 'RME': {'N': 100}}",-7.9653994995
2,765,18.2191546475,"[24, 13, 3, 19, 2, 0, 0, 21, 22, 28]",RME,rep,10,30,10,0.9500000000000001,10000,800.8261609077,"{'APS': {'cooling_schedule': array([     1,     11,     21, ..., 999971, 999981, 999991])}, 'MCTS': {'RS_iters': 5000, 'mcts_iters': 100, 'eps': 0.05, 'lr': 0.1, 'flag': 'MCTS'}, 'SA': {'RS_iters': 5000, 'sa_iters': 100, 'eps': 0.05, 'lr': 0.1, 'flag': 'SA'}, 'RME': {'N': 100}}",-7.7808453525
2,780,19.330887353,"[6, 22, 3, 19, 14, 23, 16, 4, 9, 15]",RME,rep,10,30,10,0.9500000000000001,10000,816.2057156563,"{'APS': {'cooling_schedule': array([     1,     11,     21, ..., 999971, 999981, 999991])}, 'MCTS': {'RS_iters': 5000, 'mcts_iters': 100, 'eps': 0.05, 'lr': 0.1, 'flag': 'MCTS'}, 'SA': {'RS_iters': 5000, 'sa_iters': 100, 'eps': 0.05, 'lr': 0.1, 'flag': 'SA'}, 'RME': {'N': 100}}",-6.669112647
2,795,18.2456231067,"[6, 6, 3, 9, 14, 29, 25, 21, 24, 28]",RME,rep,10,30,10,0.9500000000000001,10000,831.0635461807,"{'APS': {'cooling_schedule': array([     1,     11,     21, ..., 999971, 999981, 999991])}, 'MCTS': {'RS_iters': 5000, 'mcts_iters': 100, 'eps': 0.05, 'lr': 0.1, 'flag': 'MCTS'}, 'SA': {'RS_iters': 5000, 'sa_iters': 100, 'eps': 0.05, 'lr': 0.1, 'flag': 'SA'}, 'RME': {'N': 100}}",-7.7543768933
2,810,18.4697467926,"[6, 14, 20, 9, 12, 1, 14, 18, 11, 8]",RME,rep,10,30,10,0.9500000000000001,10000,845.384304285,"{'APS': {'cooling_schedule': array([     1,     11,     21, ..., 999971, 999981, 999991])}, 'MCTS': {'RS_iters': 5000, 'mcts_iters': 100, 'eps': 0.05, 'lr': 0.1, 'flag': 'MCTS'}, 'SA': {'RS_iters': 5000, 'sa_iters': 100, 'eps': 0.05, 'lr': 0.1, 'flag': 'SA'}, 'RME': {'N': 100}}",-7.5302532074
2,825,19.1297470848,"[6, 4, 23, 4, 18, 9, 1, 4, 11, 28]",RME,rep,10,30,10,0.9500000000000001,10000,861.1349291801,"{'APS': {'cooling_schedule': array([     1,     11,     21, ..., 999971, 999981, 999991])}, 'MCTS': {'RS_iters': 5000, 'mcts_iters': 100, 'eps': 0.05, 'lr': 0.1, 'flag': 'MCTS'}, 'SA': {'RS_iters': 5000, 'sa_iters': 100, 'eps': 0.05, 'lr': 0.1, 'flag': 'SA'}, 'RME': {'N': 100}}",-6.8702529152
2,840,18.5261987741,"[6, 9, 3, 8, 16, 12, 25, 24, 11, 14]",RME,rep,10,30,10,0.9500000000000001,10000,875.4631204605,"{'APS': {'cooling_schedule': array([     1,     11,     21, ..., 999971, 999981, 999991])}, 'MCTS': {'RS_iters': 5000, 'mcts_iters': 100, 'eps': 0.05, 'lr': 0.1, 'flag': 'MCTS'}, 'SA': {'RS_iters': 5000, 'sa_iters': 100, 'eps': 0.05, 'lr': 0.1, 'flag': 'SA'}, 'RME': {'N': 100}}",-7.4738012259
2,855,19.0270399748,"[6, 7, 27, 19, 25, 15, 14, 4, 12, 20]",RME,rep,10,30,10,0.9500000000000001,10000,891.8878407478,"{'APS': {'cooling_schedule': array([     1,     11,     21, ..., 999971, 999981, 999991])}, 'MCTS': {'RS_iters': 5000, 'mcts_iters': 100, 'eps': 0.05, 'lr': 0.1, 'flag': 'MCTS'}, 'SA': {'RS_iters': 5000, 'sa_iters': 100, 'eps': 0.05, 'lr': 0.1, 'flag': 'SA'}, 'RME': {'N': 100}}",-6.9729600252
2,870,18.3945681466,"[6, 3, 22, 20, 22, 22, 14, 11, 11, 5]",RME,rep,10,30,10,0.9500000000000001,10000,905.2815630436,"{'APS': {'cooling_schedule': array([     1,     11,     21, ..., 999971, 999981, 999991])}, 'MCTS': {'RS_iters': 5000, 'mcts_iters': 100, 'eps': 0.05, 'lr': 0.1, 'flag': 'MCTS'}, 'SA': {'RS_iters': 5000, 'sa_iters': 100, 'eps': 0.05, 'lr': 0.1, 'flag': 'SA'}, 'RME': {'N': 100}}",-7.6054318534
2,885,17.5498425171,"[22, 28, 15, 19, 19, 22, 10, 4, 19, 28]",RME,rep,10,30,10,0.9500000000000001,10000,920.1780381203,"{'APS': {'cooling_schedule': array([     1,     11,     21, ..., 999971, 999981, 999991])}, 'MCTS': {'RS_iters': 5000, 'mcts_iters': 100, 'eps': 0.05, 'lr': 0.1, 'flag': 'MCTS'}, 'SA': {'RS_iters': 5000, 'sa_iters': 100, 'eps': 0.05, 'lr': 0.1, 'flag': 'SA'}, 'RME': {'N': 100}}",-8.4501574829
2,900,18.7349763557,"[20, 6, 22, 19, 11, 19, 14, 4, 11, 6]",RME,rep,10,30,10,0.9500000000000001,10000,935.0220680237,"{'APS': {'cooling_schedule': array([     1,     11,     21, ..., 999971, 999981, 999991])}, 'MCTS': {'RS_iters': 5000, 'mcts_iters': 100, 'eps': 0.05, 'lr': 0.1, 'flag': 'MCTS'}, 'SA': {'RS_iters': 5000, 'sa_iters': 100, 'eps': 0.05, 'lr': 0.1, 'flag': 'SA'}, 'RME': {'N': 100}}",-7.2650236443
2,915,18.2392245479,"[4, 6, 3, 18, 14, 8, 13, 4, 11, 6]",RME,rep,10,30,10,0.9500000000000001,10000,950.8706636429,"{'APS': {'cooling_schedule': array([     1,     11,     21, ..., 999971, 999981, 999991])}, 'MCTS': {'RS_iters': 5000, 'mcts_iters': 100, 'eps': 0.05, 'lr': 0.1, 'flag': 'MCTS'}, 'SA': {'RS_iters': 5000, 'sa_iters': 100, 'eps': 0.05, 'lr': 0.1, 'flag': 'SA'}, 'RME': {'N': 100}}",-7.7607754521
2,930,18.4205847921,"[6, 16, 5, 24, 6, 5, 28, 4, 11, 6]",RME,rep,10,30,10,0.9500000000000001,10000,966.116910696,"{'APS': {'cooling_schedule': array([     1,     11,     21, ..., 999971, 999981, 999991])}, 'MCTS': {'RS_iters': 5000, 'mcts_iters': 100, 'eps': 0.05, 'lr': 0.1, 'flag': 'MCTS'}, 'SA': {'RS_iters': 5000, 'sa_iters': 100, 'eps': 0.05, 'lr': 0.1, 'flag': 'SA'}, 'RME': {'N': 100}}",-7.5794152079
2,945,18.4354227473,"[6, 12, 15, 19, 12, 1, 9, 4, 18, 29]",RME,rep,10,30,10,0.9500000000000001,10000,981.2813196182,"{'APS': {'cooling_schedule': array([     1,     11,     21, ..., 999971, 999981, 999991])}, 'MCTS': {'RS_iters': 5000, 'mcts_iters': 100, 'eps': 0.05, 'lr': 0.1, 'flag': 'MCTS'}, 'SA': {'RS_iters': 5000, 'sa_iters': 100, 'eps': 0.05, 'lr': 0.1, 'flag': 'SA'}, 'RME': {'N': 100}}",-7.5645772527
2,960,18.0995468533,"[6, 18, 3, 23, 18, 4, 14, 17, 23, 25]",RME,rep,10,30,10,0.9500000000000001,10000,995.4962506294,"{'APS': {'cooling_schedule': array([     1,     11,     21, ..., 999971, 999981, 999991])}, 'MCTS': {'RS_iters': 5000, 'mcts_iters': 100, 'eps': 0.05, 'lr': 0.1, 'flag': 'MCTS'}, 'SA': {'RS_iters': 5000, 'sa_iters': 100, 'eps': 0.05, 'lr': 0.1, 'flag': 'SA'}, 'RME': {'N': 100}}",-7.9004531467
2,975,17.7464301578,"[11, 29, 12, 6, 22, 24, 14, 29, 23, 28]",RME,rep,10,30,10,0.9500000000000001,10000,1010.9527518749,"{'APS': {'cooling_schedule': array([     1,     11,     21, ..., 999971, 999981, 999991])}, 'MCTS': {'RS_iters': 5000, 'mcts_iters': 100, 'eps': 0.05, 'lr': 0.1, 'flag': 'MCTS'}, 'SA': {'RS_iters': 5000, 'sa_iters': 100, 'eps': 0.05, 'lr': 0.1, 'flag': 'SA'}, 'RME': {'N': 100}}",-8.2535698422
2,990,18.4368985453,"[21, 9, 9, 19, 14, 0, 0, 0, 13, 28]",RME,rep,10,30,10,0.9500000000000001,10000,1025.995421648,"{'APS': {'cooling_schedule': array([     1,     11,     21, ..., 999971, 999981, 999991])}, 'MCTS': {'RS_iters': 5000, 'mcts_iters': 100, 'eps': 0.05, 'lr': 0.1, 'flag': 'MCTS'}, 'SA': {'RS_iters': 5000, 'sa_iters': 100, 'eps': 0.05, 'lr': 0.1, 'flag': 'SA'}, 'RME': {'N': 100}}",-7.5631014547
2,1005,18.6465405986,"[24, 9, 3, 3, 27, 15, 14, 4, 3, 8]",RME,rep,10,30,10,0.9500000000000001,10000,1041.6865420341,"{'APS': {'cooling_schedule': array([     1,     11,     21, ..., 999971, 999981, 999991])}, 'MCTS': {'RS_iters': 5000, 'mcts_iters': 100, 'eps': 0.05, 'lr': 0.1, 'flag': 'MCTS'}, 'SA': {'RS_iters': 5000, 'sa_iters': 100, 'eps': 0.05, 'lr': 0.1, 'flag': 'SA'}, 'RME': {'N': 100}}",-7.3534594014
2,1020,17.9243249295,"[10, 9, 11, 18, 18, 24, 29, 4, 27, 20]",RME,rep,10,30,10,0.9500000000000001,10000,1055.8210201263,"{'APS': {'cooling_schedule': array([     1,     11,     21, ..., 999971, 999981, 999991])}, 'MCTS': {'RS_iters': 5000, 'mcts_iters': 100, 'eps': 0.05, 'lr': 0.1, 'flag': 'MCTS'}, 'SA': {'RS_iters': 5000, 'sa_iters': 100, 'eps': 0.05, 'lr': 0.1, 'flag': 'SA'}, 'RME': {'N': 100}}",-8.0756750705
2,1035,18.2686064202,"[9, 1, 20, 28, 29, 14, 14, 4, 23, 28]",RME,rep,10,30,10,0.9500000000000001,10000,1070.0574319363,"{'APS': {'cooling_schedule': array([     1,     11,     21, ..., 999971, 999981, 999991])}, 'MCTS': {'RS_iters': 5000, 'mcts_iters': 100, 'eps': 0.05, 'lr': 0.1, 'flag': 'MCTS'}, 'SA': {'RS_iters': 5000, 'sa_iters': 100, 'eps': 0.05, 'lr': 0.1, 'flag': 'SA'}, 'RME': {'N': 100}}",-7.7313935798
2,1050,18.7115794972,"[16, 9, 27, 19, 25, 24, 12, 1, 11, 7]",RME,rep,10,30,10,0.9500000000000001,10000,1084.8657376766,"{'APS': {'cooling_schedule': array([     1,     11,     21, ..., 999971, 999981, 999991])}, 'MCTS': {'RS_iters': 5000, 'mcts_iters': 100, 'eps': 0.05, 'lr': 0.1, 'flag': 'MCTS'}, 'SA': {'RS_iters': 5000, 'sa_iters': 100, 'eps': 0.05, 'lr': 0.1, 'flag': 'SA'}, 'RME': {'N': 100}}",-7.2884205028
2,1065,18.1860477884,"[6, 9, 3, 18, 18, 9, 22, 17, 18, 1]",RME,rep,10,30,10,0.9500000000000001,10000,1100.8940382004,"{'APS': {'cooling_schedule': array([     1,     11,     21, ..., 999971, 999981, 999991])}, 'MCTS': {'RS_iters': 5000, 'mcts_iters': 100, 'eps': 0.05, 'lr': 0.1, 'flag': 'MCTS'}, 'SA': {'RS_iters': 5000, 'sa_iters': 100, 'eps': 0.05, 'lr': 0.1, 'flag': 'SA'}, 'RME': {'N': 100}}",-7.8139522116
2,1080,18.4166181626,"[6, 3, 14, 6, 6, 23, 2, 4, 27, 28]",RME,rep,10,30,10,0.9500000000000001,10000,1116.2482867241,"{'APS': {'cooling_schedule': array([     1,     11,     21, ..., 999971, 999981, 999991])}, 'MCTS': {'RS_iters': 5000, 'mcts_iters': 100, 'eps': 0.05, 'lr': 0.1, 'flag': 'MCTS'}, 'SA': {'RS_iters': 5000, 'sa_iters': 100, 'eps': 0.05, 'lr': 0.1, 'flag': 'SA'}, 'RME': {'N': 100}}",-7.5833818374
2,1095,18.3320190792,"[2, 7, 2, 19, 29, 22, 16, 0, 11, 28]",RME,rep,10,30,10,0.9500000000000001,10000,1131.0699055195,"{'APS': {'cooling_schedule': array([     1,     11,     21, ..., 999971, 999981, 999991])}, 'MCTS': {'RS_iters': 5000, 'mcts_iters': 100, 'eps': 0.05, 'lr': 0.1, 'flag': 'MCTS'}, 'SA': {'RS_iters': 5000, 'sa_iters': 100, 'eps': 0.05, 'lr': 0.1, 'flag': 'SA'}, 'RME': {'N': 100}}",-7.6679809208
2,1110,17.5859569978,"[5, 25, 24, 4, 13, 29, 16, 1, 11, 28]",RME,rep,10,30,10,0.9500000000000001,10000,1145.9010944366,"{'APS': {'cooling_schedule': array([     1,     11,     21, ..., 999971, 999981, 999991])}, 'MCTS': {'RS_iters': 5000, 'mcts_iters': 100, 'eps': 0.05, 'lr': 0.1, 'flag': 'MCTS'}, 'SA': {'RS_iters': 5000, 'sa_iters': 100, 'eps': 0.05, 'lr': 0.1, 'flag': 'SA'}, 'RME': {'N': 100}}",-8.4140430022
2,1125,18.4701497039,"[0, 9, 28, 9, 22, 10, 23, 4, 11, 11]",RME,rep,10,30,10,0.9500000000000001,10000,1160.9292457104,"{'APS': {'cooling_schedule': array([     1,     11,     21, ..., 999971, 999981, 999991])}, 'MCTS': {'RS_iters': 5000, 'mcts_iters': 100, 'eps': 0.05, 'lr': 0.1, 'flag': 'MCTS'}, 'SA': {'RS_iters': 5000, 'sa_iters': 100, 'eps': 0.05, 'lr': 0.1, 'flag': 'SA'}, 'RME': {'N': 100}}",-7.5298502961
2,1140,18.2074083511,"[6, 9, 29, 20, 12, 24, 18, 6, 3, 4]",RME,rep,10,30,10,0.9500000000000001,10000,1175.5207886696,"{'APS': {'cooling_schedule': array([     1,     11,     21, ..., 999971, 999981, 999991])}, 'MCTS': {'RS_iters': 5000, 'mcts_iters': 100, 'eps': 0.05, 'lr': 0.1, 'flag': 'MCTS'}, 'SA': {'RS_iters': 5000, 'sa_iters': 100, 'eps': 0.05, 'lr': 0.1, 'flag': 'SA'}, 'RME': {'N': 100}}",-7.7925916489
2,1155,18.273117176,"[28, 9, 11, 3, 14, 28, 6, 14, 11, 28]",RME,rep,10,30,10,0.9500000000000001,10000,1191.9670991898,"{'APS': {'cooling_schedule': array([     1,     11,     21, ..., 999971, 999981, 999991])}, 'MCTS': {'RS_iters': 5000, 'mcts_iters': 100, 'eps': 0.05, 'lr': 0.1, 'flag': 'MCTS'}, 'SA': {'RS_iters': 5000, 'sa_iters': 100, 'eps': 0.05, 'lr': 0.1, 'flag': 'SA'}, 'RME': {'N': 100}}",-7.7268828240000005
2,1170,19.0690690517,"[6, 9, 28, 25, 13, 12, 14, 19, 20, 28]",RME,rep,10,30,10,0.9500000000000001,10000,1205.6799674034,"{'APS': {'cooling_schedule': array([     1,     11,     21, ..., 999971, 999981, 999991])}, 'MCTS': {'RS_iters': 5000, 'mcts_iters': 100, 'eps': 0.05, 'lr': 0.1, 'flag': 'MCTS'}, 'SA': {'RS_iters': 5000, 'sa_iters': 100, 'eps': 0.05, 'lr': 0.1, 'flag': 'SA'}, 'RME': {'N': 100}}",-6.9309309483
2,1185,18.4645608596,"[22, 12, 3, 19, 13, 18, 0, 14, 11, 3]",RME,rep,10,30,10,0.9500000000000001,10000,1220.2951776981,"{'APS': {'cooling_schedule': array([     1,     11,     21, ..., 999971, 999981, 999991])}, 'MCTS': {'RS_iters': 5000, 'mcts_iters': 100, 'eps': 0.05, 'lr': 0.1, 'flag': 'MCTS'}, 'SA': {'RS_iters': 5000, 'sa_iters': 100, 'eps': 0.05, 'lr': 0.1, 'flag': 'SA'}, 'RME': {'N': 100}}",-7.5354391404
2,1200,18.2847348726,"[8, 9, 3, 19, 29, 21, 17, 12, 17, 8]",RME,rep,10,30,10,0.9500000000000001,10000,1235.0457465649,"{'APS': {'cooling_schedule': array([     1,     11,     21, ..., 999971, 999981, 999991])}, 'MCTS': {'RS_iters': 5000, 'mcts_iters': 100, 'eps': 0.05, 'lr': 0.1, 'flag': 'MCTS'}, 'SA': {'RS_iters': 5000, 'sa_iters': 100, 'eps': 0.05, 'lr': 0.1, 'flag': 'SA'}, 'RME': {'N': 100}}",-7.7152651274
3,15,17.0013986652,"[9, 4, 22, 0, 6, 24, 19, 4, 8, 3]",RME,rep,10,30,10,0.9500000000000001,10000,50.8472509384,"{'APS': {'cooling_schedule': array([     1,     11,     21, ..., 999971, 999981, 999991])}, 'MCTS': {'RS_iters': 5000, 'mcts_iters': 100, 'eps': 0.05, 'lr': 0.1, 'flag': 'MCTS'}, 'SA': {'RS_iters': 5000, 'sa_iters': 100, 'eps': 0.05, 'lr': 0.1, 'flag': 'SA'}, 'RME': {'N': 100}}",-8.9986013348
3,30,17.3436360018,"[18, 28, 3, 3, 20, 3, 14, 3, 6, 18]",RME,rep,10,30,10,0.9500000000000001,10000,65.8824672699,"{'APS': {'cooling_schedule': array([     1,     11,     21, ..., 999971, 999981, 999991])}, 'MCTS': {'RS_iters': 5000, 'mcts_iters': 100, 'eps': 0.05, 'lr': 0.1, 'flag': 'MCTS'}, 'SA': {'RS_iters': 5000, 'sa_iters': 100, 'eps': 0.05, 'lr': 0.1, 'flag': 'SA'}, 'RME': {'N': 100}}",-8.6563639982
3,45,17.235162912,"[8, 28, 21, 11, 13, 1, 14, 4, 6, 22]",RME,rep,10,30,10,0.9500000000000001,10000,81.1306512356,"{'APS': {'cooling_schedule': array([     1,     11,     21, ..., 999971, 999981, 999991])}, 'MCTS': {'RS_iters': 5000, 'mcts_iters': 100, 'eps': 0.05, 'lr': 0.1, 'flag': 'MCTS'}, 'SA': {'RS_iters': 5000, 'sa_iters': 100, 'eps': 0.05, 'lr': 0.1, 'flag': 'SA'}, 'RME': {'N': 100}}",-8.764837088
3,60,17.2125801019,"[6, 24, 6, 29, 18, 24, 5, 23, 11, 21]",RME,rep,10,30,10,0.9500000000000001,10000,95.7745358944,"{'APS': {'cooling_schedule': array([     1,     11,     21, ..., 999971, 999981, 999991])}, 'MCTS': {'RS_iters': 5000, 'mcts_iters': 100, 'eps': 0.05, 'lr': 0.1, 'flag': 'MCTS'}, 'SA': {'RS_iters': 5000, 'sa_iters': 100, 'eps': 0.05, 'lr': 0.1, 'flag': 'SA'}, 'RME': {'N': 100}}",-8.7874198981
3,75,18.1926307655,"[25, 9, 3, 11, 14, 17, 13, 0, 12, 28]",RME,rep,10,30,10,0.9500000000000001,10000,110.9307854176,"{'APS': {'cooling_schedule': array([     1,     11,     21, ..., 999971, 999981, 999991])}, 'MCTS': {'RS_iters': 5000, 'mcts_iters': 100, 'eps': 0.05, 'lr': 0.1, 'flag': 'MCTS'}, 'SA': {'RS_iters': 5000, 'sa_iters': 100, 'eps': 0.05, 'lr': 0.1, 'flag': 'SA'}, 'RME': {'N': 100}}",-7.8073692345
3,90,16.9992740132,"[6, 28, 21, 21, 14, 8, 14, 6, 3, 0]",RME,rep,10,30,10,0.9500000000000001,10000,126.2005410194,"{'APS': {'cooling_schedule': array([     1,     11,     21, ..., 999971, 999981, 999991])}, 'MCTS': {'RS_iters': 5000, 'mcts_iters': 100, 'eps': 0.05, 'lr': 0.1, 'flag': 'MCTS'}, 'SA': {'RS_iters': 5000, 'sa_iters': 100, 'eps': 0.05, 'lr': 0.1, 'flag': 'SA'}, 'RME': {'N': 100}}",-9.0007259868
3,105,17.8459389589,"[6, 9, 27, 21, 16, 29, 23, 4, 24, 11]",RME,rep,10,30,10,0.9500000000000001,10000,140.9550526142,"{'APS': {'cooling_schedule': array([     1,     11,     21, ..., 999971, 999981, 999991])}, 'MCTS': {'RS_iters': 5000, 'mcts_iters': 100, 'eps': 0.05, 'lr': 0.1, 'flag': 'MCTS'}, 'SA': {'RS_iters': 5000, 'sa_iters': 100, 'eps': 0.05, 'lr': 0.1, 'flag': 'SA'}, 'RME': {'N': 100}}",-8.1540610411
3,120,18.4002309065,"[26, 11, 2, 21, 6, 23, 14, 4, 14, 28]",RME,rep,10,30,10,0.9500000000000001,10000,156.0424718857,"{'APS': {'cooling_schedule': array([     1,     11,     21, ..., 999971, 999981, 999991])}, 'MCTS': {'RS_iters': 5000, 'mcts_iters': 100, 'eps': 0.05, 'lr': 0.1, 'flag': 'MCTS'}, 'SA': {'RS_iters': 5000, 'sa_iters': 100, 'eps': 0.05, 'lr': 0.1, 'flag': 'SA'}, 'RME': {'N': 100}}",-7.5997690935
3,135,17.500710441,"[6, 9, 6, 13, 24, 27, 18, 24, 18, 28]",RME,rep,10,30,10,0.9500000000000001,10000,170.7670946121,"{'APS': {'cooling_schedule': array([     1,     11,     21, ..., 999971, 999981, 999991])}, 'MCTS': {'RS_iters': 5000, 'mcts_iters': 100, 'eps': 0.05, 'lr': 0.1, 'flag': 'MCTS'}, 'SA': {'RS_iters': 5000, 'sa_iters': 100, 'eps': 0.05, 'lr': 0.1, 'flag': 'SA'}, 'RME': {'N': 100}}",-8.499289559
3,150,17.9280136687,"[10, 9, 12, 18, 16, 17, 25, 4, 11, 7]",RME,rep,10,30,10,0.9500000000000001,10000,186.0840861797,"{'APS': {'cooling_schedule': array([     1,     11,     21, ..., 999971, 999981, 999991])}, 'MCTS': {'RS_iters': 5000, 'mcts_iters': 100, 'eps': 0.05, 'lr': 0.1, 'flag': 'MCTS'}, 'SA': {'RS_iters': 5000, 'sa_iters': 100, 'eps': 0.05, 'lr': 0.1, 'flag': 'SA'}, 'RME': {'N': 100}}",-8.0719863313
3,165,17.3070109304,"[5, 19, 16, 19, 20, 20, 14, 22, 20, 11]",RME,rep,10,30,10,0.9500000000000001,10000,201.425000906,"{'APS': {'cooling_schedule': array([     1,     11,     21, ..., 999971, 999981, 999991])}, 'MCTS': {'RS_iters': 5000, 'mcts_iters': 100, 'eps': 0.05, 'lr': 0.1, 'flag': 'MCTS'}, 'SA': {'RS_iters': 5000, 'sa_iters': 100, 'eps': 0.05, 'lr': 0.1, 'flag': 'SA'}, 'RME': {'N': 100}}",-8.6929890696
3,180,18.1271163169,"[6, 8, 3, 4, 25, 24, 21, 15, 25, 11]",RME,rep,10,30,10,0.9500000000000001,10000,215.7060191631,"{'APS': {'cooling_schedule': array([     1,     11,     21, ..., 999971, 999981, 999991])}, 'MCTS': {'RS_iters': 5000, 'mcts_iters': 100, 'eps': 0.05, 'lr': 0.1, 'flag': 'MCTS'}, 'SA': {'RS_iters': 5000, 'sa_iters': 100, 'eps': 0.05, 'lr': 0.1, 'flag': 'SA'}, 'RME': {'N': 100}}",-7.8728836831
3,195,16.7286902694,"[0, 17, 20, 19, 25, 24, 1, 7, 28, 4]",RME,rep,10,30,10,0.9500000000000001,10000,230.6186785698,"{'APS': {'cooling_schedule': array([     1,     11,     21, ..., 999971, 999981, 999991])}, 'MCTS': {'RS_iters': 5000, 'mcts_iters': 100, 'eps': 0.05, 'lr': 0.1, 'flag': 'MCTS'}, 'SA': {'RS_iters': 5000, 'sa_iters': 100, 'eps': 0.05, 'lr': 0.1, 'flag': 'SA'}, 'RME': {'N': 100}}",-9.2713097306
3,210,18.2052824053,"[20, 9, 20, 7, 12, 1, 5, 4, 11, 15]",RME,rep,10,30,10,0.9500000000000001,10000,246.1485300064,"{'APS': {'cooling_schedule': array([     1,     11,     21, ..., 999971, 999981, 999991])}, 'MCTS': {'RS_iters': 5000, 'mcts_iters': 100, 'eps': 0.05, 'lr': 0.1, 'flag': 'MCTS'}, 'SA': {'RS_iters': 5000, 'sa_iters': 100, 'eps': 0.05, 'lr': 0.1, 'flag': 'SA'}, 'RME': {'N': 100}}",-7.7947175947
3,225,17.8719268166,"[14, 7, 25, 19, 7, 22, 14, 4, 14, 11]",RME,rep,10,30,10,0.9500000000000001,10000,260.7743606567,"{'APS': {'cooling_schedule': array([     1,     11,     21, ..., 999971, 999981, 999991])}, 'MCTS': {'RS_iters': 5000, 'mcts_iters': 100, 'eps': 0.05, 'lr': 0.1, 'flag': 'MCTS'}, 'SA': {'RS_iters': 5000, 'sa_iters': 100, 'eps': 0.05, 'lr': 0.1, 'flag': 'SA'}, 'RME': {'N': 100}}",-8.1280731834
3,240,17.9592021814,"[14, 21, 3, 4, 16, 14, 14, 26, 22, 28]",RME,rep,10,30,10,0.9500000000000001,10000,276.5008320808,"{'APS': {'cooling_schedule': array([     1,     11,     21, ..., 999971, 999981, 999991])}, 'MCTS': {'RS_iters': 5000, 'mcts_iters': 100, 'eps': 0.05, 'lr': 0.1, 'flag': 'MCTS'}, 'SA': {'RS_iters': 5000, 'sa_iters': 100, 'eps': 0.05, 'lr': 0.1, 'flag': 'SA'}, 'RME': {'N': 100}}",-8.0407978186
3,255,18.1473213317,"[6, 9, 19, 18, 2, 3, 15, 4, 2, 13]",RME,rep,10,30,10,0.9500000000000001,10000,290.8115289211,"{'APS': {'cooling_schedule': array([     1,     11,     21, ..., 999971, 999981, 999991])}, 'MCTS': {'RS_iters': 5000, 'mcts_iters': 100, 'eps': 0.05, 'lr': 0.1, 'flag': 'MCTS'}, 'SA': {'RS_iters': 5000, 'sa_iters': 100, 'eps': 0.05, 'lr': 0.1, 'flag': 'SA'}, 'RME': {'N': 100}}",-7.8526786683
3,270,17.2777576345,"[19, 23, 24, 19, 29, 2, 14, 14, 1, 12]",RME,rep,10,30,10,0.9500000000000001,10000,305.880382061,"{'APS': {'cooling_schedule': array([     1,     11,     21, ..., 999971, 999981, 999991])}, 'MCTS': {'RS_iters': 5000, 'mcts_iters': 100, 'eps': 0.05, 'lr': 0.1, 'flag': 'MCTS'}, 'SA': {'RS_iters': 5000, 'sa_iters': 100, 'eps': 0.05, 'lr': 0.1, 'flag': 'SA'}, 'RME': {'N': 100}}",-8.7222423655
3,285,18.1704522304,"[0, 1, 3, 19, 17, 19, 14, 6, 28, 28]",RME,rep,10,30,10,0.9500000000000001,10000,320.8762664795,"{'APS': {'cooling_schedule': array([     1,     11,     21, ..., 999971, 999981, 999991])}, 'MCTS': {'RS_iters': 5000, 'mcts_iters': 100, 'eps': 0.05, 'lr': 0.1, 'flag': 'MCTS'}, 'SA': {'RS_iters': 5000, 'sa_iters': 100, 'eps': 0.05, 'lr': 0.1, 'flag': 'SA'}, 'RME': {'N': 100}}",-7.8295477695999995
3,300,18.0449277954,"[7, 23, 3, 19, 2, 19, 26, 9, 22, 28]",RME,rep,10,30,10,0.9500000000000001,10000,335.7984421253,"{'APS': {'cooling_schedule': array([     1,     11,     21, ..., 999971, 999981, 999991])}, 'MCTS': {'RS_iters': 5000, 'mcts_iters': 100, 'eps': 0.05, 'lr': 0.1, 'flag': 'MCTS'}, 'SA': {'RS_iters': 5000, 'sa_iters': 100, 'eps': 0.05, 'lr': 0.1, 'flag': 'SA'}, 'RME': {'N': 100}}",-7.9550722046
3,315,18.0841634848,"[8, 23, 29, 19, 12, 24, 17, 21, 19, 28]",RME,rep,10,30,10,0.9500000000000001,10000,352.0977144241,"{'APS': {'cooling_schedule': array([     1,     11,     21, ..., 999971, 999981, 999991])}, 'MCTS': {'RS_iters': 5000, 'mcts_iters': 100, 'eps': 0.05, 'lr': 0.1, 'flag': 'MCTS'}, 'SA': {'RS_iters': 5000, 'sa_iters': 100, 'eps': 0.05, 'lr': 0.1, 'flag': 'SA'}, 'RME': {'N': 100}}",-7.9158365152
3,330,17.9538407249,"[6, 9, 0, 1, 15, 9, 1, 25, 17, 28]",RME,rep,10,30,10,0.9500000000000001,10000,365.8387577534,"{'APS': {'cooling_schedule': array([     1,     11,     21, ..., 999971, 999981, 999991])}, 'MCTS': {'RS_iters': 5000, 'mcts_iters': 100, 'eps': 0.05, 'lr': 0.1, 'flag': 'MCTS'}, 'SA': {'RS_iters': 5000, 'sa_iters': 100, 'eps': 0.05, 'lr': 0.1, 'flag': 'SA'}, 'RME': {'N': 100}}",-8.0461592751
3,345,18.2583836387,"[1, 6, 29, 28, 6, 22, 14, 4, 26, 28]",RME,rep,10,30,10,0.9500000000000001,10000,380.8502354622,"{'APS': {'cooling_schedule': array([     1,     11,     21, ..., 999971, 999981, 999991])}, 'MCTS': {'RS_iters': 5000, 'mcts_iters': 100, 'eps': 0.05, 'lr': 0.1, 'flag': 'MCTS'}, 'SA': {'RS_iters': 5000, 'sa_iters': 100, 'eps': 0.05, 'lr': 0.1, 'flag': 'SA'}, 'RME': {'N': 100}}",-7.7416163613
3,360,17.5705082078,"[18, 9, 10, 19, 2, 21, 18, 11, 11, 2]",RME,rep,10,30,10,0.9500000000000001,10000,396.1598906517,"{'APS': {'cooling_schedule': array([     1,     11,     21, ..., 999971, 999981, 999991])}, 'MCTS': {'RS_iters': 5000, 'mcts_iters': 100, 'eps': 0.05, 'lr': 0.1, 'flag': 'MCTS'}, 'SA': {'RS_iters': 5000, 'sa_iters': 100, 'eps': 0.05, 'lr': 0.1, 'flag': 'SA'}, 'RME': {'N': 100}}",-8.4294917922
3,375,17.9887621675,"[6, 24, 27, 3, 24, 0, 29, 4, 11, 7]",RME,rep,10,30,10,0.9500000000000001,10000,410.8947148323,"{'APS': {'cooling_schedule': array([     1,     11,     21, ..., 999971, 999981, 999991])}, 'MCTS': {'RS_iters': 5000, 'mcts_iters': 100, 'eps': 0.05, 'lr': 0.1, 'flag': 'MCTS'}, 'SA': {'RS_iters': 5000, 'sa_iters': 100, 'eps': 0.05, 'lr': 0.1, 'flag': 'SA'}, 'RME': {'N': 100}}",-8.0112378325
3,390,19.2563564572,"[4, 9, 3, 19, 12, 29, 26, 27, 1, 28]",RME,rep,10,30,10,0.9500000000000001,10000,426.0430474281,"{'APS': {'cooling_schedule': array([     1,     11,     21, ..., 999971, 999981, 999991])}, 'MCTS': {'RS_iters': 5000, 'mcts_iters': 100, 'eps': 0.05, 'lr': 0.1, 'flag': 'MCTS'}, 'SA': {'RS_iters': 5000, 'sa_iters': 100, 'eps': 0.05, 'lr': 0.1, 'flag': 'SA'}, 'RME': {'N': 100}}",-6.7436435428
3,405,18.1068409474,"[2, 13, 2, 19, 12, 16, 14, 4, 1, 29]",RME,rep,10,30,10,0.9500000000000001,10000,440.4601318836,"{'APS': {'cooling_schedule': array([     1,     11,     21, ..., 999971, 999981, 999991])}, 'MCTS': {'RS_iters': 5000, 'mcts_iters': 100, 'eps': 0.05, 'lr': 0.1, 'flag': 'MCTS'}, 'SA': {'RS_iters': 5000, 'sa_iters': 100, 'eps': 0.05, 'lr': 0.1, 'flag': 'SA'}, 'RME': {'N': 100}}",-7.8931590526
3,420,19.5955103241,"[1, 9, 2, 1, 13, 22, 14, 13, 11, 28]",RME,rep,10,30,10,0.9500000000000001,10000,456.2542746067,"{'APS': {'cooling_schedule': array([     1,     11,     21, ..., 999971, 999981, 999991])}, 'MCTS': {'RS_iters': 5000, 'mcts_iters': 100, 'eps': 0.05, 'lr': 0.1, 'flag': 'MCTS'}, 'SA': {'RS_iters': 5000, 'sa_iters': 100, 'eps': 0.05, 'lr': 0.1, 'flag': 'SA'}, 'RME': {'N': 100}}",-6.4044896759
3,435,18.1004240316,"[6, 4, 13, 19, 13, 24, 7, 25, 10, 7]",RME,rep,10,30,10,0.9500000000000001,10000,471.2346765995,"{'APS': {'cooling_schedule': array([     1,     11,     21, ..., 999971, 999981, 999991])}, 'MCTS': {'RS_iters': 5000, 'mcts_iters': 100, 'eps': 0.05, 'lr': 0.1, 'flag': 'MCTS'}, 'SA': {'RS_iters': 5000, 'sa_iters': 100, 'eps': 0.05, 'lr': 0.1, 'flag': 'SA'}, 'RME': {'N': 100}}",-7.8995759684
3,450,17.6065302511,"[12, 6, 14, 27, 16, 24, 0, 4, 8, 28]",RME,rep,10,30,10,0.9500000000000001,10000,485.1564638615,"{'APS': {'cooling_schedule': array([     1,     11,     21, ..., 999971, 999981, 999991])}, 'MCTS': {'RS_iters': 5000, 'mcts_iters': 100, 'eps': 0.05, 'lr': 0.1, 'flag': 'MCTS'}, 'SA': {'RS_iters': 5000, 'sa_iters': 100, 'eps': 0.05, 'lr': 0.1, 'flag': 'SA'}, 'RME': {'N': 100}}",-8.3934697489
3,465,17.210796753,"[21, 17, 3, 28, 29, 28, 24, 4, 0, 25]",RME,rep,10,30,10,0.9500000000000001,10000,502.230481863,"{'APS': {'cooling_schedule': array([     1,     11,     21, ..., 999971, 999981, 999991])}, 'MCTS': {'RS_iters': 5000, 'mcts_iters': 100, 'eps': 0.05, 'lr': 0.1, 'flag': 'MCTS'}, 'SA': {'RS_iters': 5000, 'sa_iters': 100, 'eps': 0.05, 'lr': 0.1, 'flag': 'SA'}, 'RME': {'N': 100}}",-8.789203247
3,480,18.3246247895,"[24, 28, 3, 19, 6, 3, 19, 4, 29, 13]",RME,rep,10,30,10,0.9500000000000001,10000,515.5173587799,"{'APS': {'cooling_schedule': array([     1,     11,     21, ..., 999971, 999981, 999991])}, 'MCTS': {'RS_iters': 5000, 'mcts_iters': 100, 'eps': 0.05, 'lr': 0.1, 'flag': 'MCTS'}, 'SA': {'RS_iters': 5000, 'sa_iters': 100, 'eps': 0.05, 'lr': 0.1, 'flag': 'SA'}, 'RME': {'N': 100}}",-7.6753752105
3,495,18.3677494531,"[23, 1, 3, 0, 29, 4, 12, 4, 6, 28]",RME,rep,10,30,10,0.9500000000000001,10000,530.9131958485,"{'APS': {'cooling_schedule': array([     1,     11,     21, ..., 999971, 999981, 999991])}, 'MCTS': {'RS_iters': 5000, 'mcts_iters': 100, 'eps': 0.05, 'lr': 0.1, 'flag': 'MCTS'}, 'SA': {'RS_iters': 5000, 'sa_iters': 100, 'eps': 0.05, 'lr': 0.1, 'flag': 'SA'}, 'RME': {'N': 100}}",-7.6322505469
3,510,18.1802226977,"[6, 5, 26, 19, 2, 20, 6, 3, 11, 15]",RME,rep,10,30,10,0.9500000000000001,10000,545.9849722385,"{'APS': {'cooling_schedule': array([     1,     11,     21, ..., 999971, 999981, 999991])}, 'MCTS': {'RS_iters': 5000, 'mcts_iters': 100, 'eps': 0.05, 'lr': 0.1, 'flag': 'MCTS'}, 'SA': {'RS_iters': 5000, 'sa_iters': 100, 'eps': 0.05, 'lr': 0.1, 'flag': 'SA'}, 'RME': {'N': 100}}",-7.8197773023
3,525,17.6979104544,"[11, 12, 15, 19, 15, 17, 21, 9, 11, 28]",RME,rep,10,30,10,0.9500000000000001,10000,560.980481863,"{'APS': {'cooling_schedule': array([     1,     11,     21, ..., 999971, 999981, 999991])}, 'MCTS': {'RS_iters': 5000, 'mcts_iters': 100, 'eps': 0.05, 'lr': 0.1, 'flag': 'MCTS'}, 'SA': {'RS_iters': 5000, 'sa_iters': 100, 'eps': 0.05, 'lr': 0.1, 'flag': 'SA'}, 'RME': {'N': 100}}",-8.3020895456
3,540,18.0450991856,"[0, 9, 3, 20, 3, 27, 14, 25, 9, 16]",RME,rep,10,30,10,0.9500000000000001,10000,575.8144314289,"{'APS': {'cooling_schedule': array([     1,     11,     21, ..., 999971, 999981, 999991])}, 'MCTS': {'RS_iters': 5000, 'mcts_iters': 100, 'eps': 0.05, 'lr': 0.1, 'flag': 'MCTS'}, 'SA': {'RS_iters': 5000, 'sa_iters': 100, 'eps': 0.05, 'lr': 0.1, 'flag': 'SA'}, 'RME': {'N': 100}}",-7.9549008144
3,555,18.3248307571,"[14, 3, 3, 18, 14, 21, 14, 23, 23, 28]",RME,rep,10,30,10,0.9500000000000001,10000,590.5939671993,"{'APS': {'cooling_schedule': array([     1,     11,     21, ..., 999971, 999981, 999991])}, 'MCTS': {'RS_iters': 5000, 'mcts_iters': 100, 'eps': 0.05, 'lr': 0.1, 'flag': 'MCTS'}, 'SA': {'RS_iters': 5000, 'sa_iters': 100, 'eps': 0.05, 'lr': 0.1, 'flag': 'SA'}, 'RME': {'N': 100}}",-7.6751692429
3,570,17.7584737068,"[11, 9, 7, 16, 13, 24, 14, 26, 24, 27]",RME,rep,10,30,10,0.9500000000000001,10000,606.1453244686,"{'APS': {'cooling_schedule': array([     1,     11,     21, ..., 999971, 999981, 999991])}, 'MCTS': {'RS_iters': 5000, 'mcts_iters': 100, 'eps': 0.05, 'lr': 0.1, 'flag': 'MCTS'}, 'SA': {'RS_iters': 5000, 'sa_iters': 100, 'eps': 0.05, 'lr': 0.1, 'flag': 'SA'}, 'RME': {'N': 100}}",-8.2415262932
3,585,17.5091404472,"[18, 2, 6, 19, 14, 4, 13, 7, 13, 28]",RME,rep,10,30,10,0.9500000000000001,10000,620.9626352787,"{'APS': {'cooling_schedule': array([     1,     11,     21, ..., 999971, 999981, 999991])}, 'MCTS': {'RS_iters': 5000, 'mcts_iters': 100, 'eps': 0.05, 'lr': 0.1, 'flag': 'MCTS'}, 'SA': {'RS_iters': 5000, 'sa_iters': 100, 'eps': 0.05, 'lr': 0.1, 'flag': 'SA'}, 'RME': {'N': 100}}",-8.4908595528
3,600,18.2087100849,"[6, 14, 18, 19, 16, 5, 14, 8, 14, 8]",RME,rep,10,30,10,0.9500000000000001,10000,635.1900458336,"{'APS': {'cooling_schedule': array([     1,     11,     21, ..., 999971, 999981, 999991])}, 'MCTS': {'RS_iters': 5000, 'mcts_iters': 100, 'eps': 0.05, 'lr': 0.1, 'flag': 'MCTS'}, 'SA': {'RS_iters': 5000, 'sa_iters': 100, 'eps': 0.05, 'lr': 0.1, 'flag': 'SA'}, 'RME': {'N': 100}}",-7.7912899151
3,615,18.3360273836,"[25, 9, 3, 21, 14, 17, 15, 10, 7, 28]",RME,rep,10,30,10,0.9500000000000001,10000,651.9452896118,"{'APS': {'cooling_schedule': array([     1,     11,     21, ..., 999971, 999981, 999991])}, 'MCTS': {'RS_iters': 5000, 'mcts_iters': 100, 'eps': 0.05, 'lr': 0.1, 'flag': 'MCTS'}, 'SA': {'RS_iters': 5000, 'sa_iters': 100, 'eps': 0.05, 'lr': 0.1, 'flag': 'SA'}, 'RME': {'N': 100}}",-7.6639726164
3,630,18.0855744441,"[6, 22, 3, 19, 4, 10, 25, 0, 22, 8]",RME,rep,10,30,10,0.9500000000000001,10000,666.0111119747,"{'APS': {'cooling_schedule': array([     1,     11,     21, ..., 999971, 999981, 999991])}, 'MCTS': {'RS_iters': 5000, 'mcts_iters': 100, 'eps': 0.05, 'lr': 0.1, 'flag': 'MCTS'}, 'SA': {'RS_iters': 5000, 'sa_iters': 100, 'eps': 0.05, 'lr': 0.1, 'flag': 'SA'}, 'RME': {'N': 100}}",-7.9144255559
3,645,17.2386582912,"[29, 15, 3, 10, 13, 13, 9, 29, 3, 28]",RME,rep,10,30,10,0.9500000000000001,10000,680.3297555447,"{'APS': {'cooling_schedule': array([     1,     11,     21, ..., 999971, 999981, 999991])}, 'MCTS': {'RS_iters': 5000, 'mcts_iters': 100, 'eps': 0.05, 'lr': 0.1, 'flag': 'MCTS'}, 'SA': {'RS_iters': 5000, 'sa_iters': 100, 'eps': 0.05, 'lr': 0.1, 'flag': 'SA'}, 'RME': {'N': 100}}",-8.7613417088
3,660,18.5773620441,"[10, 27, 3, 18, 12, 5, 2, 4, 15, 28]",RME,rep,10,30,10,0.9500000000000001,10000,696.2771711349,"{'APS': {'cooling_schedule': array([     1,     11,     21, ..., 999971, 999981, 999991])}, 'MCTS': {'RS_iters': 5000, 'mcts_iters': 100, 'eps': 0.05, 'lr': 0.1, 'flag': 'MCTS'}, 'SA': {'RS_iters': 5000, 'sa_iters': 100, 'eps': 0.05, 'lr': 0.1, 'flag': 'SA'}, 'RME': {'N': 100}}",-7.4226379559
3,675,18.3401381141,"[6, 25, 6, 28, 13, 22, 14, 2, 28, 28]",RME,rep,10,30,10,0.9500000000000001,10000,710.8895521164,"{'APS': {'cooling_schedule': array([     1,     11,     21, ..., 999971, 999981, 999991])}, 'MCTS': {'RS_iters': 5000, 'mcts_iters': 100, 'eps': 0.05, 'lr': 0.1, 'flag': 'MCTS'}, 'SA': {'RS_iters': 5000, 'sa_iters': 100, 'eps': 0.05, 'lr': 0.1, 'flag': 'SA'}, 'RME': {'N': 100}}",-7.6598618859
3,690,18.831517864,"[6, 10, 5, 19, 6, 16, 11, 4, 12, 28]",RME,rep,10,30,10,0.9500000000000001,10000,726.0234510899,"{'APS': {'cooling_schedule': array([     1,     11,     21, ..., 999971, 999981, 999991])}, 'MCTS': {'RS_iters': 5000, 'mcts_iters': 100, 'eps': 0.05, 'lr': 0.1, 'flag': 'MCTS'}, 'SA': {'RS_iters': 5000, 'sa_iters': 100, 'eps': 0.05, 'lr': 0.1, 'flag': 'SA'}, 'RME': {'N': 100}}",-7.168482136
3,705,18.1687910107,"[24, 20, 21, 11, 6, 4, 14, 4, 26, 28]",RME,rep,10,30,10,0.9500000000000001,10000,739.9883065224,"{'APS': {'cooling_schedule': array([     1,     11,     21, ..., 999971, 999981, 999991])}, 'MCTS': {'RS_iters': 5000, 'mcts_iters': 100, 'eps': 0.05, 'lr': 0.1, 'flag': 'MCTS'}, 'SA': {'RS_iters': 5000, 'sa_iters': 100, 'eps': 0.05, 'lr': 0.1, 'flag': 'SA'}, 'RME': {'N': 100}}",-7.8312089893
3,720,18.1378090637,"[4, 21, 23, 5, 13, 24, 14, 28, 11, 25]",RME,rep,10,30,10,0.9500000000000001,10000,755.8009355068,"{'APS': {'cooling_schedule': array([     1,     11,     21, ..., 999971, 999981, 999991])}, 'MCTS': {'RS_iters': 5000, 'mcts_iters': 100, 'eps': 0.05, 'lr': 0.1, 'flag': 'MCTS'}, 'SA': {'RS_iters': 5000, 'sa_iters': 100, 'eps': 0.05, 'lr': 0.1, 'flag': 'SA'}, 'RME': {'N': 100}}",-7.8621909363
3,735,17.834135031,"[2, 29, 3, 25, 16, 27, 14, 9, 11, 20]",RME,rep,10,30,10,0.9500000000000001,10000,771.1320528984,"{'APS': {'cooling_schedule': array([     1,     11,     21, ..., 999971, 999981, 999991])}, 'MCTS': {'RS_iters': 5000, 'mcts_iters': 100, 'eps': 0.05, 'lr': 0.1, 'flag': 'MCTS'}, 'SA': {'RS_iters': 5000, 'sa_iters': 100, 'eps': 0.05, 'lr': 0.1, 'flag': 'SA'}, 'RME': {'N': 100}}",-8.165864969
3,750,18.7393208703,"[6, 9, 16, 12, 25, 21, 14, 12, 11, 6]",RME,rep,10,30,10,0.9500000000000001,10000,785.1174955368,"{'APS': {'cooling_schedule': array([     1,     11,     21, ..., 999971, 999981, 999991])}, 'MCTS': {'RS_iters': 5000, 'mcts_iters': 100, 'eps': 0.05, 'lr': 0.1, 'flag': 'MCTS'}, 'SA': {'RS_iters': 5000, 'sa_iters': 100, 'eps': 0.05, 'lr': 0.1, 'flag': 'SA'}, 'RME': {'N': 100}}",-7.2606791297
3,765,18.2415491059,"[6, 9, 13, 19, 22, 25, 6, 25, 18, 3]",RME,rep,10,30,10,0.9500000000000001,10000,801.5501351357,"{'APS': {'cooling_schedule': array([     1,     11,     21, ..., 999971, 999981, 999991])}, 'MCTS': {'RS_iters': 5000, 'mcts_iters': 100, 'eps': 0.05, 'lr': 0.1, 'flag': 'MCTS'}, 'SA': {'RS_iters': 5000, 'sa_iters': 100, 'eps': 0.05, 'lr': 0.1, 'flag': 'SA'}, 'RME': {'N': 100}}",-7.7584508941
3,780,18.7016949266,"[8, 9, 11, 18, 28, 12, 14, 17, 11, 28]",RME,rep,10,30,10,0.9500000000000001,10000,815.86835289,"{'APS': {'cooling_schedule': array([     1,     11,     21, ..., 999971, 999981, 999991])}, 'MCTS': {'RS_iters': 5000, 'mcts_iters': 100, 'eps': 0.05, 'lr': 0.1, 'flag': 'MCTS'}, 'SA': {'RS_iters': 5000, 'sa_iters': 100, 'eps': 0.05, 'lr': 0.1, 'flag': 'SA'}, 'RME': {'N': 100}}",-7.2983050734
3,795,19.8362594186,"[27, 9, 3, 11, 13, 24, 14, 23, 27, 28]",RME,rep,10,30,10,0.9500000000000001,10000,830.6384577751,"{'APS': {'cooling_schedule': array([     1,     11,     21, ..., 999971, 999981, 999991])}, 'MCTS': {'RS_iters': 5000, 'mcts_iters': 100, 'eps': 0.05, 'lr': 0.1, 'flag': 'MCTS'}, 'SA': {'RS_iters': 5000, 'sa_iters': 100, 'eps': 0.05, 'lr': 0.1, 'flag': 'SA'}, 'RME': {'N': 100}}",-6.1637405814
3,810,18.3269630841,"[16, 12, 13, 19, 7, 24, 7, 4, 15, 28]",RME,rep,10,30,10,0.9500000000000001,10000,846.24736619,"{'APS': {'cooling_schedule': array([     1,     11,     21, ..., 999971, 999981, 999991])}, 'MCTS': {'RS_iters': 5000, 'mcts_iters': 100, 'eps': 0.05, 'lr': 0.1, 'flag': 'MCTS'}, 'SA': {'RS_iters': 5000, 'sa_iters': 100, 'eps': 0.05, 'lr': 0.1, 'flag': 'SA'}, 'RME': {'N': 100}}",-7.6730369159
3,825,18.1185775952,"[4, 28, 7, 19, 25, 29, 14, 4, 19, 26]",RME,rep,10,30,10,0.9500000000000001,10000,860.82807374,"{'APS': {'cooling_schedule': array([     1,     11,     21, ..., 999971, 999981, 999991])}, 'MCTS': {'RS_iters': 5000, 'mcts_iters': 100, 'eps': 0.05, 'lr': 0.1, 'flag': 'MCTS'}, 'SA': {'RS_iters': 5000, 'sa_iters': 100, 'eps': 0.05, 'lr': 0.1, 'flag': 'SA'}, 'RME': {'N': 100}}",-7.8814224048
3,840,19.3219295375,"[6, 2, 3, 28, 29, 9, 14, 0, 3, 28]",RME,rep,10,30,10,0.9500000000000001,10000,875.625777483,"{'APS': {'cooling_schedule': array([     1,     11,     21, ..., 999971, 999981, 999991])}, 'MCTS': {'RS_iters': 5000, 'mcts_iters': 100, 'eps': 0.05, 'lr': 0.1, 'flag': 'MCTS'}, 'SA': {'RS_iters': 5000, 'sa_iters': 100, 'eps': 0.05, 'lr': 0.1, 'flag': 'SA'}, 'RME': {'N': 100}}",-6.6780704625
3,855,18.0731428126,"[6, 9, 14, 13, 9, 5, 10, 11, 19, 28]",RME,rep,10,30,10,0.9500000000000001,10000,890.2892870903,"{'APS': {'cooling_schedule': array([     1,     11,     21, ..., 999971, 999981, 999991])}, 'MCTS': {'RS_iters': 5000, 'mcts_iters': 100, 'eps': 0.05, 'lr': 0.1, 'flag': 'MCTS'}, 'SA': {'RS_iters': 5000, 'sa_iters': 100, 'eps': 0.05, 'lr': 0.1, 'flag': 'SA'}, 'RME': {'N': 100}}",-7.9268571874
3,870,18.0860872283,"[27, 27, 3, 23, 14, 15, 0, 4, 11, 26]",RME,rep,10,30,10,0.9500000000000001,10000,905.7788052559,"{'APS': {'cooling_schedule': array([     1,     11,     21, ..., 999971, 999981, 999991])}, 'MCTS': {'RS_iters': 5000, 'mcts_iters': 100, 'eps': 0.05, 'lr': 0.1, 'flag': 'MCTS'}, 'SA': {'RS_iters': 5000, 'sa_iters': 100, 'eps': 0.05, 'lr': 0.1, 'flag': 'SA'}, 'RME': {'N': 100}}",-7.9139127717
3,885,18.4253513318,"[23, 28, 10, 4, 12, 3, 14, 4, 11, 21]",RME,rep,10,30,10,0.9500000000000001,10000,921.1901335716,"{'APS': {'cooling_schedule': array([     1,     11,     21, ..., 999971, 999981, 999991])}, 'MCTS': {'RS_iters': 5000, 'mcts_iters': 100, 'eps': 0.05, 'lr': 0.1, 'flag': 'MCTS'}, 'SA': {'RS_iters': 5000, 'sa_iters': 100, 'eps': 0.05, 'lr': 0.1, 'flag': 'SA'}, 'RME': {'N': 100}}",-7.5746486682
3,900,18.178704172,"[27, 9, 2, 10, 13, 24, 10, 26, 11, 26]",RME,rep,10,30,10,0.9500000000000001,10000,935.1567986012,"{'APS': {'cooling_schedule': array([     1,     11,     21, ..., 999971, 999981, 999991])}, 'MCTS': {'RS_iters': 5000, 'mcts_iters': 100, 'eps': 0.05, 'lr': 0.1, 'flag': 'MCTS'}, 'SA': {'RS_iters': 5000, 'sa_iters': 100, 'eps': 0.05, 'lr': 0.1, 'flag': 'SA'}, 'RME': {'N': 100}}",-7.821295828
3,915,19.2624412604,"[6, 25, 15, 19, 6, 2, 14, 14, 29, 28]",RME,rep,10,30,10,0.9500000000000001,10000,951.9115548134,"{'APS': {'cooling_schedule': array([     1,     11,     21, ..., 999971, 999981, 999991])}, 'MCTS': {'RS_iters': 5000, 'mcts_iters': 100, 'eps': 0.05, 'lr': 0.1, 'flag': 'MCTS'}, 'SA': {'RS_iters': 5000, 'sa_iters': 100, 'eps': 0.05, 'lr': 0.1, 'flag': 'SA'}, 'RME': {'N': 100}}",-6.7375587396
3,930,19.4707164624,"[6, 3, 3, 19, 20, 10, 14, 10, 19, 7]",RME,rep,10,30,10,0.9500000000000001,10000,965.5052769184,"{'APS': {'cooling_schedule': array([     1,     11,     21, ..., 999971, 999981, 999991])}, 'MCTS': {'RS_iters': 5000, 'mcts_iters': 100, 'eps': 0.05, 'lr': 0.1, 'flag': 'MCTS'}, 'SA': {'RS_iters': 5000, 'sa_iters': 100, 'eps': 0.05, 'lr': 0.1, 'flag': 'SA'}, 'RME': {'N': 100}}",-6.5292835376
3,945,18.0340820413,"[6, 2, 24, 14, 12, 24, 9, 8, 1, 28]",RME,rep,10,30,10,0.9500000000000001,10000,980.8209979534,"{'APS': {'cooling_schedule': array([     1,     11,     21, ..., 999971, 999981, 999991])}, 'MCTS': {'RS_iters': 5000, 'mcts_iters': 100, 'eps': 0.05, 'lr': 0.1, 'flag': 'MCTS'}, 'SA': {'RS_iters': 5000, 'sa_iters': 100, 'eps': 0.05, 'lr': 0.1, 'flag': 'SA'}, 'RME': {'N': 100}}",-7.9659179587
3,960,17.9101128368,"[6, 0, 3, 19, 2, 2, 25, 2, 5, 25]",RME,rep,10,30,10,0.9500000000000001,10000,996.3169605732,"{'APS': {'cooling_schedule': array([     1,     11,     21, ..., 999971, 999981, 999991])}, 'MCTS': {'RS_iters': 5000, 'mcts_iters': 100, 'eps': 0.05, 'lr': 0.1, 'flag': 'MCTS'}, 'SA': {'RS_iters': 5000, 'sa_iters': 100, 'eps': 0.05, 'lr': 0.1, 'flag': 'SA'}, 'RME': {'N': 100}}",-8.0898871632
3,975,18.7387831402,"[19, 9, 11, 19, 7, 29, 9, 4, 22, 28]",RME,rep,10,30,10,0.9500000000000001,10000,1010.8558425903,"{'APS': {'cooling_schedule': array([     1,     11,     21, ..., 999971, 999981, 999991])}, 'MCTS': {'RS_iters': 5000, 'mcts_iters': 100, 'eps': 0.05, 'lr': 0.1, 'flag': 'MCTS'}, 'SA': {'RS_iters': 5000, 'sa_iters': 100, 'eps': 0.05, 'lr': 0.1, 'flag': 'SA'}, 'RME': {'N': 100}}",-7.2612168598
3,990,18.5066951843,"[18, 22, 3, 19, 12, 10, 19, 4, 4, 10]",RME,rep,10,30,10,0.9500000000000001,10000,1025.6249234676,"{'APS': {'cooling_schedule': array([     1,     11,     21, ..., 999971, 999981, 999991])}, 'MCTS': {'RS_iters': 5000, 'mcts_iters': 100, 'eps': 0.05, 'lr': 0.1, 'flag': 'MCTS'}, 'SA': {'RS_iters': 5000, 'sa_iters': 100, 'eps': 0.05, 'lr': 0.1, 'flag': 'SA'}, 'RME': {'N': 100}}",-7.4933048157
3,1005,18.2895529957,"[12, 20, 1, 19, 6, 18, 15, 19, 11, 28]",RME,rep,10,30,10,0.9500000000000001,10000,1040.2419135571,"{'APS': {'cooling_schedule': array([     1,     11,     21, ..., 999971, 999981, 999991])}, 'MCTS': {'RS_iters': 5000, 'mcts_iters': 100, 'eps': 0.05, 'lr': 0.1, 'flag': 'MCTS'}, 'SA': {'RS_iters': 5000, 'sa_iters': 100, 'eps': 0.05, 'lr': 0.1, 'flag': 'SA'}, 'RME': {'N': 100}}",-7.7104470043
3,1020,18.3289067466,"[5, 9, 18, 3, 12, 2, 14, 8, 9, 28]",RME,rep,10,30,10,0.9500000000000001,10000,1055.8092019558,"{'APS': {'cooling_schedule': array([     1,     11,     21, ..., 999971, 999981, 999991])}, 'MCTS': {'RS_iters': 5000, 'mcts_iters': 100, 'eps': 0.05, 'lr': 0.1, 'flag': 'MCTS'}, 'SA': {'RS_iters': 5000, 'sa_iters': 100, 'eps': 0.05, 'lr': 0.1, 'flag': 'SA'}, 'RME': {'N': 100}}",-7.6710932534000005
3,1035,18.2075111371,"[6, 25, 3, 3, 18, 9, 23, 24, 11, 14]",RME,rep,10,30,10,0.9500000000000001,10000,1071.5361692905,"{'APS': {'cooling_schedule': array([     1,     11,     21, ..., 999971, 999981, 999991])}, 'MCTS': {'RS_iters': 5000, 'mcts_iters': 100, 'eps': 0.05, 'lr': 0.1, 'flag': 'MCTS'}, 'SA': {'RS_iters': 5000, 'sa_iters': 100, 'eps': 0.05, 'lr': 0.1, 'flag': 'SA'}, 'RME': {'N': 100}}",-7.7924888629
3,1050,17.374276164,"[19, 0, 16, 3, 7, 24, 14, 19, 11, 9]",RME,rep,10,30,10,0.9500000000000001,10000,1085.2196450233,"{'APS': {'cooling_schedule': array([     1,     11,     21, ..., 999971, 999981, 999991])}, 'MCTS': {'RS_iters': 5000, 'mcts_iters': 100, 'eps': 0.05, 'lr': 0.1, 'flag': 'MCTS'}, 'SA': {'RS_iters': 5000, 'sa_iters': 100, 'eps': 0.05, 'lr': 0.1, 'flag': 'SA'}, 'RME': {'N': 100}}",-8.625723836
3,1065,18.1795315606,"[10, 9, 7, 25, 14, 23, 14, 18, 8, 28]",RME,rep,10,30,10,0.9500000000000001,10000,1101.5779528618,"{'APS': {'cooling_schedule': array([     1,     11,     21, ..., 999971, 999981, 999991])}, 'MCTS': {'RS_iters': 5000, 'mcts_iters': 100, 'eps': 0.05, 'lr': 0.1, 'flag': 'MCTS'}, 'SA': {'RS_iters': 5000, 'sa_iters': 100, 'eps': 0.05, 'lr': 0.1, 'flag': 'SA'}, 'RME': {'N': 100}}",-7.8204684394
3,1080,17.9107553924,"[6, 1, 1, 19, 25, 12, 15, 6, 18, 28]",RME,rep,10,30,10,0.9500000000000001,10000,1115.6164216995,"{'APS': {'cooling_schedule': array([     1,     11,     21, ..., 999971, 999981, 999991])}, 'MCTS': {'RS_iters': 5000, 'mcts_iters': 100, 'eps': 0.05, 'lr': 0.1, 'flag': 'MCTS'}, 'SA': {'RS_iters': 5000, 'sa_iters': 100, 'eps': 0.05, 'lr': 0.1, 'flag': 'SA'}, 'RME': {'N': 100}}",-8.0892446076
3,1095,18.6660186705,"[6, 9, 5, 17, 25, 2, 14, 10, 0, 28]",RME,rep,10,30,10,0.9500000000000001,10000,1130.2788815498,"{'APS': {'cooling_schedule': array([     1,     11,     21, ..., 999971, 999981, 999991])}, 'MCTS': {'RS_iters': 5000, 'mcts_iters': 100, 'eps': 0.05, 'lr': 0.1, 'flag': 'MCTS'}, 'SA': {'RS_iters': 5000, 'sa_iters': 100, 'eps': 0.05, 'lr': 0.1, 'flag': 'SA'}, 'RME': {'N': 100}}",-7.3339813295
3,1110,17.6638158434,"[26, 14, 15, 19, 25, 24, 26, 4, 7, 6]",RME,rep,10,30,10,0.9500000000000001,10000,1146.3781816959,"{'APS': {'cooling_schedule': array([     1,     11,     21, ..., 999971, 999981, 999991])}, 'MCTS': {'RS_iters': 5000, 'mcts_iters': 100, 'eps': 0.05, 'lr': 0.1, 'flag': 'MCTS'}, 'SA': {'RS_iters': 5000, 'sa_iters': 100, 'eps': 0.05, 'lr': 0.1, 'flag': 'SA'}, 'RME': {'N': 100}}",-8.3361841566
3,1125,17.8116982244,"[12, 9, 16, 25, 12, 24, 14, 12, 8, 7]",RME,rep,10,30,10,0.9500000000000001,10000,1160.9516029358,"{'APS': {'cooling_schedule': array([     1,     11,     21, ..., 999971, 999981, 999991])}, 'MCTS': {'RS_iters': 5000, 'mcts_iters': 100, 'eps': 0.05, 'lr': 0.1, 'flag': 'MCTS'}, 'SA': {'RS_iters': 5000, 'sa_iters': 100, 'eps': 0.05, 'lr': 0.1, 'flag': 'SA'}, 'RME': {'N': 100}}",-8.1883017756
3,1140,18.2489179451,"[4, 12, 3, 9, 6, 9, 1, 4, 28, 28]",RME,rep,10,30,10,0.9500000000000001,10000,1176.1166236401,"{'APS': {'cooling_schedule': array([     1,     11,     21, ..., 999971, 999981, 999991])}, 'MCTS': {'RS_iters': 5000, 'mcts_iters': 100, 'eps': 0.05, 'lr': 0.1, 'flag': 'MCTS'}, 'SA': {'RS_iters': 5000, 'sa_iters': 100, 'eps': 0.05, 'lr': 0.1, 'flag': 'SA'}, 'RME': {'N': 100}}",-7.7510820549
3,1155,17.8443844532,"[29, 9, 24, 19, 3, 10, 20, 27, 11, 27]",RME,rep,10,30,10,0.9500000000000001,10000,1190.5154235363,"{'APS': {'cooling_schedule': array([     1,     11,     21, ..., 999971, 999981, 999991])}, 'MCTS': {'RS_iters': 5000, 'mcts_iters': 100, 'eps': 0.05, 'lr': 0.1, 'flag': 'MCTS'}, 'SA': {'RS_iters': 5000, 'sa_iters': 100, 'eps': 0.05, 'lr': 0.1, 'flag': 'SA'}, 'RME': {'N': 100}}",-8.1556155468
3,1170,18.2739643599,"[6, 9, 3, 18, 24, 17, 12, 13, 9, 16]",RME,rep,10,30,10,0.9500000000000001,10000,1205.9532318115,"{'APS': {'cooling_schedule': array([     1,     11,     21, ..., 999971, 999981, 999991])}, 'MCTS': {'RS_iters': 5000, 'mcts_iters': 100, 'eps': 0.05, 'lr': 0.1, 'flag': 'MCTS'}, 'SA': {'RS_iters': 5000, 'sa_iters': 100, 'eps': 0.05, 'lr': 0.1, 'flag': 'SA'}, 'RME': {'N': 100}}",-7.7260356401
3,1185,18.5049662017,"[27, 9, 14, 19, 14, 27, 8, 17, 11, 26]",RME,rep,10,30,10,0.9500000000000001,10000,1221.0759620667,"{'APS': {'cooling_schedule': array([     1,     11,     21, ..., 999971, 999981, 999991])}, 'MCTS': {'RS_iters': 5000, 'mcts_iters': 100, 'eps': 0.05, 'lr': 0.1, 'flag': 'MCTS'}, 'SA': {'RS_iters': 5000, 'sa_iters': 100, 'eps': 0.05, 'lr': 0.1, 'flag': 'SA'}, 'RME': {'N': 100}}",-7.4950337983
3,1200,17.514332732,"[11, 12, 3, 20, 14, 18, 0, 28, 10, 28]",RME,rep,10,30,10,0.9500000000000001,10000,1235.2316706181,"{'APS': {'cooling_schedule': array([     1,     11,     21, ..., 999971, 999981, 999991])}, 'MCTS': {'RS_iters': 5000, 'mcts_iters': 100, 'eps': 0.05, 'lr': 0.1, 'flag': 'MCTS'}, 'SA': {'RS_iters': 5000, 'sa_iters': 100, 'eps': 0.05, 'lr': 0.1, 'flag': 'SA'}, 'RME': {'N': 100}}",-8.485667268
4,15,16.8809654672,"[15, 9, 1, 3, 6, 13, 1, 4, 0, 26]",RME,rep,10,30,10,0.9500000000000001,10000,51.6647450924,"{'APS': {'cooling_schedule': array([     1,     11,     21, ..., 999971, 999981, 999991])}, 'MCTS': {'RS_iters': 5000, 'mcts_iters': 100, 'eps': 0.05, 'lr': 0.1, 'flag': 'MCTS'}, 'SA': {'RS_iters': 5000, 'sa_iters': 100, 'eps': 0.05, 'lr': 0.1, 'flag': 'SA'}, 'RME': {'N': 100}}",-9.1190345328
4,30,16.411522787,"[6, 13, 19, 23, 2, 26, 19, 13, 11, 10]",RME,rep,10,30,10,0.9500000000000001,10000,66.5666007996,"{'APS': {'cooling_schedule': array([     1,     11,     21, ..., 999971, 999981, 999991])}, 'MCTS': {'RS_iters': 5000, 'mcts_iters': 100, 'eps': 0.05, 'lr': 0.1, 'flag': 'MCTS'}, 'SA': {'RS_iters': 5000, 'sa_iters': 100, 'eps': 0.05, 'lr': 0.1, 'flag': 'SA'}, 'RME': {'N': 100}}",-9.588477213
4,45,17.3449668793,"[6, 9, 14, 21, 24, 5, 5, 24, 19, 0]",RME,rep,10,30,10,0.9500000000000001,10000,82.3432660103,"{'APS': {'cooling_schedule': array([     1,     11,     21, ..., 999971, 999981, 999991])}, 'MCTS': {'RS_iters': 5000, 'mcts_iters': 100, 'eps': 0.05, 'lr': 0.1, 'flag': 'MCTS'}, 'SA': {'RS_iters': 5000, 'sa_iters': 100, 'eps': 0.05, 'lr': 0.1, 'flag': 'SA'}, 'RME': {'N': 100}}",-8.6550331207
4,60,17.341110552700002,"[12, 15, 3, 3, 22, 29, 26, 10, 2, 28]",RME,rep,10,30,10,0.9500000000000001,10000,95.737411499,"{'APS': {'cooling_schedule': array([     1,     11,     21, ..., 999971, 999981, 999991])}, 'MCTS': {'RS_iters': 5000, 'mcts_iters': 100, 'eps': 0.05, 'lr': 0.1, 'flag': 'MCTS'}, 'SA': {'RS_iters': 5000, 'sa_iters': 100, 'eps': 0.05, 'lr': 0.1, 'flag': 'SA'}, 'RME': {'N': 100}}",-8.6588894473
4,75,17.3458850449,"[4, 5, 20, 3, 29, 13, 0, 4, 11, 16]",RME,rep,10,30,10,0.9500000000000001,10000,111.8304564953,"{'APS': {'cooling_schedule': array([     1,     11,     21, ..., 999971, 999981, 999991])}, 'MCTS': {'RS_iters': 5000, 'mcts_iters': 100, 'eps': 0.05, 'lr': 0.1, 'flag': 'MCTS'}, 'SA': {'RS_iters': 5000, 'sa_iters': 100, 'eps': 0.05, 'lr': 0.1, 'flag': 'SA'}, 'RME': {'N': 100}}",-8.6541149551
4,90,18.208619316,"[6, 23, 0, 14, 22, 6, 14, 28, 5, 28]",RME,rep,10,30,10,0.9500000000000001,10000,125.7511544228,"{'APS': {'cooling_schedule': array([     1,     11,     21, ..., 999971, 999981, 999991])}, 'MCTS': {'RS_iters': 5000, 'mcts_iters': 100, 'eps': 0.05, 'lr': 0.1, 'flag': 'MCTS'}, 'SA': {'RS_iters': 5000, 'sa_iters': 100, 'eps': 0.05, 'lr': 0.1, 'flag': 'SA'}, 'RME': {'N': 100}}",-7.791380684
4,105,17.2214903959,"[15, 7, 3, 19, 22, 1, 26, 12, 9, 13]",RME,rep,10,30,10,0.9500000000000001,10000,140.7921619415,"{'APS': {'cooling_schedule': array([     1,     11,     21, ..., 999971, 999981, 999991])}, 'MCTS': {'RS_iters': 5000, 'mcts_iters': 100, 'eps': 0.05, 'lr': 0.1, 'flag': 'MCTS'}, 'SA': {'RS_iters': 5000, 'sa_iters': 100, 'eps': 0.05, 'lr': 0.1, 'flag': 'SA'}, 'RME': {'N': 100}}",-8.7785096041
4,120,17.3567232446,"[15, 9, 9, 22, 12, 1, 25, 21, 26, 28]",RME,rep,10,30,10,0.9500000000000001,10000,156.8166821003,"{'APS': {'cooling_schedule': array([     1,     11,     21, ..., 999971, 999981, 999991])}, 'MCTS': {'RS_iters': 5000, 'mcts_iters': 100, 'eps': 0.05, 'lr': 0.1, 'flag': 'MCTS'}, 'SA': {'RS_iters': 5000, 'sa_iters': 100, 'eps': 0.05, 'lr': 0.1, 'flag': 'SA'}, 'RME': {'N': 100}}",-8.6432767554
4,135,17.3122036023,"[10, 12, 0, 0, 12, 18, 5, 11, 11, 28]",RME,rep,10,30,10,0.9500000000000001,10000,170.7607429028,"{'APS': {'cooling_schedule': array([     1,     11,     21, ..., 999971, 999981, 999991])}, 'MCTS': {'RS_iters': 5000, 'mcts_iters': 100, 'eps': 0.05, 'lr': 0.1, 'flag': 'MCTS'}, 'SA': {'RS_iters': 5000, 'sa_iters': 100, 'eps': 0.05, 'lr': 0.1, 'flag': 'SA'}, 'RME': {'N': 100}}",-8.6877963977
4,150,17.2148615496,"[6, 4, 12, 8, 18, 27, 24, 4, 2, 2]",RME,rep,10,30,10,0.9500000000000001,10000,185.9662766457,"{'APS': {'cooling_schedule': array([     1,     11,     21, ..., 999971, 999981, 999991])}, 'MCTS': {'RS_iters': 5000, 'mcts_iters': 100, 'eps': 0.05, 'lr': 0.1, 'flag': 'MCTS'}, 'SA': {'RS_iters': 5000, 'sa_iters': 100, 'eps': 0.05, 'lr': 0.1, 'flag': 'SA'}, 'RME': {'N': 100}}",-8.7851384504
4,165,17.2657719893,"[22, 9, 3, 1, 9, 11, 17, 17, 22, 28]",RME,rep,10,30,10,0.9500000000000001,10000,200.9239563942,"{'APS': {'cooling_schedule': array([     1,     11,     21, ..., 999971, 999981, 999991])}, 'MCTS': {'RS_iters': 5000, 'mcts_iters': 100, 'eps': 0.05, 'lr': 0.1, 'flag': 'MCTS'}, 'SA': {'RS_iters': 5000, 'sa_iters': 100, 'eps': 0.05, 'lr': 0.1, 'flag': 'SA'}, 'RME': {'N': 100}}",-8.7342280107
4,180,17.708580169,"[14, 28, 2, 8, 9, 6, 14, 4, 11, 4]",RME,rep,10,30,10,0.9500000000000001,10000,217.0715475082,"{'APS': {'cooling_schedule': array([     1,     11,     21, ..., 999971, 999981, 999991])}, 'MCTS': {'RS_iters': 5000, 'mcts_iters': 100, 'eps': 0.05, 'lr': 0.1, 'flag': 'MCTS'}, 'SA': {'RS_iters': 5000, 'sa_iters': 100, 'eps': 0.05, 'lr': 0.1, 'flag': 'SA'}, 'RME': {'N': 100}}",-8.291419831
4,195,17.683898386,"[4, 23, 29, 19, 11, 23, 14, 4, 0, 4]",RME,rep,10,30,10,0.9500000000000001,10000,230.7743165493,"{'APS': {'cooling_schedule': array([     1,     11,     21, ..., 999971, 999981, 999991])}, 'MCTS': {'RS_iters': 5000, 'mcts_iters': 100, 'eps': 0.05, 'lr': 0.1, 'flag': 'MCTS'}, 'SA': {'RS_iters': 5000, 'sa_iters': 100, 'eps': 0.05, 'lr': 0.1, 'flag': 'SA'}, 'RME': {'N': 100}}",-8.316101614
4,210,18.2272622122,"[7, 14, 14, 19, 12, 8, 2, 4, 9, 28]",RME,rep,10,30,10,0.9500000000000001,10000,245.5423636436,"{'APS': {'cooling_schedule': array([     1,     11,     21, ..., 999971, 999981, 999991])}, 'MCTS': {'RS_iters': 5000, 'mcts_iters': 100, 'eps': 0.05, 'lr': 0.1, 'flag': 'MCTS'}, 'SA': {'RS_iters': 5000, 'sa_iters': 100, 'eps': 0.05, 'lr': 0.1, 'flag': 'SA'}, 'RME': {'N': 100}}",-7.7727377878
4,225,17.4646818295,"[26, 13, 0, 9, 7, 24, 27, 4, 0, 28]",RME,rep,10,30,10,0.9500000000000001,10000,261.1188845634,"{'APS': {'cooling_schedule': array([     1,     11,     21, ..., 999971, 999981, 999991])}, 'MCTS': {'RS_iters': 5000, 'mcts_iters': 100, 'eps': 0.05, 'lr': 0.1, 'flag': 'MCTS'}, 'SA': {'RS_iters': 5000, 'sa_iters': 100, 'eps': 0.05, 'lr': 0.1, 'flag': 'SA'}, 'RME': {'N': 100}}",-8.5353181705
4,240,18.3000731956,"[29, 9, 0, 28, 13, 12, 14, 28, 7, 28]",RME,rep,10,30,10,0.9500000000000001,10000,275.7788040638,"{'APS': {'cooling_schedule': array([     1,     11,     21, ..., 999971, 999981, 999991])}, 'MCTS': {'RS_iters': 5000, 'mcts_iters': 100, 'eps': 0.05, 'lr': 0.1, 'flag': 'MCTS'}, 'SA': {'RS_iters': 5000, 'sa_iters': 100, 'eps': 0.05, 'lr': 0.1, 'flag': 'SA'}, 'RME': {'N': 100}}",-7.6999268044
4,255,18.3622915163,"[0, 9, 6, 19, 29, 20, 7, 4, 14, 9]",RME,rep,10,30,10,0.9500000000000001,10000,291.2392947674,"{'APS': {'cooling_schedule': array([     1,     11,     21, ..., 999971, 999981, 999991])}, 'MCTS': {'RS_iters': 5000, 'mcts_iters': 100, 'eps': 0.05, 'lr': 0.1, 'flag': 'MCTS'}, 'SA': {'RS_iters': 5000, 'sa_iters': 100, 'eps': 0.05, 'lr': 0.1, 'flag': 'SA'}, 'RME': {'N': 100}}",-7.6377084837
4,270,18.0547008512,"[20, 9, 15, 21, 16, 4, 14, 18, 7, 28]",RME,rep,10,30,10,0.9500000000000001,10000,306.6356475353,"{'APS': {'cooling_schedule': array([     1,     11,     21, ..., 999971, 999981, 999991])}, 'MCTS': {'RS_iters': 5000, 'mcts_iters': 100, 'eps': 0.05, 'lr': 0.1, 'flag': 'MCTS'}, 'SA': {'RS_iters': 5000, 'sa_iters': 100, 'eps': 0.05, 'lr': 0.1, 'flag': 'SA'}, 'RME': {'N': 100}}",-7.9452991488
4,285,18.2939972413,"[11, 19, 3, 10, 29, 14, 14, 4, 27, 10]",RME,rep,10,30,10,0.9500000000000001,10000,320.93810606,"{'APS': {'cooling_schedule': array([     1,     11,     21, ..., 999971, 999981, 999991])}, 'MCTS': {'RS_iters': 5000, 'mcts_iters': 100, 'eps': 0.05, 'lr': 0.1, 'flag': 'MCTS'}, 'SA': {'RS_iters': 5000, 'sa_iters': 100, 'eps': 0.05, 'lr': 0.1, 'flag': 'SA'}, 'RME': {'N': 100}}",-7.7060027587
4,300,17.347128855,"[19, 9, 27, 12, 14, 5, 11, 17, 11, 10]",RME,rep,10,30,10,0.9500000000000001,10000,335.5322256088,"{'APS': {'cooling_schedule': array([     1,     11,     21, ..., 999971, 999981, 999991])}, 'MCTS': {'RS_iters': 5000, 'mcts_iters': 100, 'eps': 0.05, 'lr': 0.1, 'flag': 'MCTS'}, 'SA': {'RS_iters': 5000, 'sa_iters': 100, 'eps': 0.05, 'lr': 0.1, 'flag': 'SA'}, 'RME': {'N': 100}}",-8.652871145
4,315,18.0261808324,"[16, 9, 6, 19, 6, 24, 7, 3, 13, 26]",RME,rep,10,30,10,0.9500000000000001,10000,350.6102821827,"{'APS': {'cooling_schedule': array([     1,     11,     21, ..., 999971, 999981, 999991])}, 'MCTS': {'RS_iters': 5000, 'mcts_iters': 100, 'eps': 0.05, 'lr': 0.1, 'flag': 'MCTS'}, 'SA': {'RS_iters': 5000, 'sa_iters': 100, 'eps': 0.05, 'lr': 0.1, 'flag': 'SA'}, 'RME': {'N': 100}}",-7.9738191676
4,330,17.4254644309,"[5, 27, 3, 0, 12, 5, 0, 4, 8, 13]",RME,rep,10,30,10,0.9500000000000001,10000,366.4660859108,"{'APS': {'cooling_schedule': array([     1,     11,     21, ..., 999971, 999981, 999991])}, 'MCTS': {'RS_iters': 5000, 'mcts_iters': 100, 'eps': 0.05, 'lr': 0.1, 'flag': 'MCTS'}, 'SA': {'RS_iters': 5000, 'sa_iters': 100, 'eps': 0.05, 'lr': 0.1, 'flag': 'SA'}, 'RME': {'N': 100}}",-8.5745355691
4,345,17.4606475506,"[13, 26, 3, 21, 13, 14, 14, 17, 3, 21]",RME,rep,10,30,10,0.9500000000000001,10000,380.6214272976,"{'APS': {'cooling_schedule': array([     1,     11,     21, ..., 999971, 999981, 999991])}, 'MCTS': {'RS_iters': 5000, 'mcts_iters': 100, 'eps': 0.05, 'lr': 0.1, 'flag': 'MCTS'}, 'SA': {'RS_iters': 5000, 'sa_iters': 100, 'eps': 0.05, 'lr': 0.1, 'flag': 'SA'}, 'RME': {'N': 100}}",-8.5393524494
4,360,18.3601717379,"[6, 9, 27, 19, 13, 17, 9, 0, 26, 1]",RME,rep,10,30,10,0.9500000000000001,10000,395.8489058018,"{'APS': {'cooling_schedule': array([     1,     11,     21, ..., 999971, 999981, 999991])}, 'MCTS': {'RS_iters': 5000, 'mcts_iters': 100, 'eps': 0.05, 'lr': 0.1, 'flag': 'MCTS'}, 'SA': {'RS_iters': 5000, 'sa_iters': 100, 'eps': 0.05, 'lr': 0.1, 'flag': 'SA'}, 'RME': {'N': 100}}",-7.6398282621
4,375,18.3611009204,"[6, 29, 18, 19, 22, 4, 3, 3, 5, 28]",RME,rep,10,30,10,0.9500000000000001,10000,411.0389506817,"{'APS': {'cooling_schedule': array([     1,     11,     21, ..., 999971, 999981, 999991])}, 'MCTS': {'RS_iters': 5000, 'mcts_iters': 100, 'eps': 0.05, 'lr': 0.1, 'flag': 'MCTS'}, 'SA': {'RS_iters': 5000, 'sa_iters': 100, 'eps': 0.05, 'lr': 0.1, 'flag': 'SA'}, 'RME': {'N': 100}}",-7.6388990796
4,390,17.3259447086,"[12, 9, 29, 18, 9, 24, 27, 7, 11, 18]",RME,rep,10,30,10,0.9500000000000001,10000,426.7624986172,"{'APS': {'cooling_schedule': array([     1,     11,     21, ..., 999971, 999981, 999991])}, 'MCTS': {'RS_iters': 5000, 'mcts_iters': 100, 'eps': 0.05, 'lr': 0.1, 'flag': 'MCTS'}, 'SA': {'RS_iters': 5000, 'sa_iters': 100, 'eps': 0.05, 'lr': 0.1, 'flag': 'SA'}, 'RME': {'N': 100}}",-8.6740552914
4,405,17.800129355,"[29, 24, 15, 19, 29, 24, 29, 9, 19, 28]",RME,rep,10,30,10,0.9500000000000001,10000,441.1328396797,"{'APS': {'cooling_schedule': array([     1,     11,     21, ..., 999971, 999981, 999991])}, 'MCTS': {'RS_iters': 5000, 'mcts_iters': 100, 'eps': 0.05, 'lr': 0.1, 'flag': 'MCTS'}, 'SA': {'RS_iters': 5000, 'sa_iters': 100, 'eps': 0.05, 'lr': 0.1, 'flag': 'SA'}, 'RME': {'N': 100}}",-8.199870645
4,420,17.4207070446,"[22, 14, 3, 9, 29, 1, 14, 15, 2, 29]",RME,rep,10,30,10,0.9500000000000001,10000,456.0646750927,"{'APS': {'cooling_schedule': array([     1,     11,     21, ..., 999971, 999981, 999991])}, 'MCTS': {'RS_iters': 5000, 'mcts_iters': 100, 'eps': 0.05, 'lr': 0.1, 'flag': 'MCTS'}, 'SA': {'RS_iters': 5000, 'sa_iters': 100, 'eps': 0.05, 'lr': 0.1, 'flag': 'SA'}, 'RME': {'N': 100}}",-8.5792929554
4,435,18.036892698,"[17, 6, 29, 19, 20, 24, 24, 12, 11, 8]",RME,rep,10,30,10,0.9500000000000001,10000,470.5537409782,"{'APS': {'cooling_schedule': array([     1,     11,     21, ..., 999971, 999981, 999991])}, 'MCTS': {'RS_iters': 5000, 'mcts_iters': 100, 'eps': 0.05, 'lr': 0.1, 'flag': 'MCTS'}, 'SA': {'RS_iters': 5000, 'sa_iters': 100, 'eps': 0.05, 'lr': 0.1, 'flag': 'SA'}, 'RME': {'N': 100}}",-7.963107302
4,450,17.5118046658,"[5, 10, 11, 18, 14, 3, 28, 10, 11, 28]",RME,rep,10,30,10,0.9500000000000001,10000,485.8459742069,"{'APS': {'cooling_schedule': array([     1,     11,     21, ..., 999971, 999981, 999991])}, 'MCTS': {'RS_iters': 5000, 'mcts_iters': 100, 'eps': 0.05, 'lr': 0.1, 'flag': 'MCTS'}, 'SA': {'RS_iters': 5000, 'sa_iters': 100, 'eps': 0.05, 'lr': 0.1, 'flag': 'SA'}, 'RME': {'N': 100}}",-8.4881953342
4,465,18.2743477809,"[6, 26, 16, 15, 13, 22, 9, 4, 11, 4]",RME,rep,10,30,10,0.9500000000000001,10000,500.1710810661,"{'APS': {'cooling_schedule': array([     1,     11,     21, ..., 999971, 999981, 999991])}, 'MCTS': {'RS_iters': 5000, 'mcts_iters': 100, 'eps': 0.05, 'lr': 0.1, 'flag': 'MCTS'}, 'SA': {'RS_iters': 5000, 'sa_iters': 100, 'eps': 0.05, 'lr': 0.1, 'flag': 'SA'}, 'RME': {'N': 100}}",-7.7256522191
4,480,17.9364942457,"[14, 9, 20, 13, 25, 17, 19, 28, 11, 28]",RME,rep,10,30,10,0.9500000000000001,10000,515.9656641483,"{'APS': {'cooling_schedule': array([     1,     11,     21, ..., 999971, 999981, 999991])}, 'MCTS': {'RS_iters': 5000, 'mcts_iters': 100, 'eps': 0.05, 'lr': 0.1, 'flag': 'MCTS'}, 'SA': {'RS_iters': 5000, 'sa_iters': 100, 'eps': 0.05, 'lr': 0.1, 'flag': 'SA'}, 'RME': {'N': 100}}",-8.0635057543
4,495,18.2152160031,"[6, 16, 0, 8, 13, 16, 10, 4, 11, 13]",RME,rep,10,30,10,0.9500000000000001,10000,530.5064797401,"{'APS': {'cooling_schedule': array([     1,     11,     21, ..., 999971, 999981, 999991])}, 'MCTS': {'RS_iters': 5000, 'mcts_iters': 100, 'eps': 0.05, 'lr': 0.1, 'flag': 'MCTS'}, 'SA': {'RS_iters': 5000, 'sa_iters': 100, 'eps': 0.05, 'lr': 0.1, 'flag': 'SA'}, 'RME': {'N': 100}}",-7.7847839969
4,510,18.5781097438,"[6, 21, 24, 19, 0, 17, 14, 15, 15, 28]",RME,rep,10,30,10,0.9500000000000001,10000,546.1916120052,"{'APS': {'cooling_schedule': array([     1,     11,     21, ..., 999971, 999981, 999991])}, 'MCTS': {'RS_iters': 5000, 'mcts_iters': 100, 'eps': 0.05, 'lr': 0.1, 'flag': 'MCTS'}, 'SA': {'RS_iters': 5000, 'sa_iters': 100, 'eps': 0.05, 'lr': 0.1, 'flag': 'SA'}, 'RME': {'N': 100}}",-7.4218902562
4,525,17.9796855892,"[3, 9, 26, 8, 15, 5, 14, 4, 20, 10]",RME,rep,10,30,10,0.9500000000000001,10000,560.8926591873,"{'APS': {'cooling_schedule': array([     1,     11,     21, ..., 999971, 999981, 999991])}, 'MCTS': {'RS_iters': 5000, 'mcts_iters': 100, 'eps': 0.05, 'lr': 0.1, 'flag': 'MCTS'}, 'SA': {'RS_iters': 5000, 'sa_iters': 100, 'eps': 0.05, 'lr': 0.1, 'flag': 'SA'}, 'RME': {'N': 100}}",-8.0203144108
4,540,18.589937904,"[6, 26, 3, 19, 9, 1, 27, 8, 4, 28]",RME,rep,10,30,10,0.9500000000000001,10000,577.1282868385,"{'APS': {'cooling_schedule': array([     1,     11,     21, ..., 999971, 999981, 999991])}, 'MCTS': {'RS_iters': 5000, 'mcts_iters': 100, 'eps': 0.05, 'lr': 0.1, 'flag': 'MCTS'}, 'SA': {'RS_iters': 5000, 'sa_iters': 100, 'eps': 0.05, 'lr': 0.1, 'flag': 'SA'}, 'RME': {'N': 100}}",-7.410062096
4,555,18.1780473126,"[20, 18, 3, 20, 19, 24, 14, 20, 14, 28]",RME,rep,10,30,10,0.9500000000000001,10000,590.8893685341,"{'APS': {'cooling_schedule': array([     1,     11,     21, ..., 999971, 999981, 999991])}, 'MCTS': {'RS_iters': 5000, 'mcts_iters': 100, 'eps': 0.05, 'lr': 0.1, 'flag': 'MCTS'}, 'SA': {'RS_iters': 5000, 'sa_iters': 100, 'eps': 0.05, 'lr': 0.1, 'flag': 'SA'}, 'RME': {'N': 100}}",-7.8219526874
4,570,18.3103978348,"[6, 9, 9, 9, 6, 18, 29, 4, 20, 10]",RME,rep,10,30,10,0.9500000000000001,10000,606.0697720051,"{'APS': {'cooling_schedule': array([     1,     11,     21, ..., 999971, 999981, 999991])}, 'MCTS': {'RS_iters': 5000, 'mcts_iters': 100, 'eps': 0.05, 'lr': 0.1, 'flag': 'MCTS'}, 'SA': {'RS_iters': 5000, 'sa_iters': 100, 'eps': 0.05, 'lr': 0.1, 'flag': 'SA'}, 'RME': {'N': 100}}",-7.6896021652
4,585,18.0573665247,"[27, 20, 1, 19, 6, 26, 5, 4, 26, 28]",RME,rep,10,30,10,0.9500000000000001,10000,620.1113939285,"{'APS': {'cooling_schedule': array([     1,     11,     21, ..., 999971, 999981, 999991])}, 'MCTS': {'RS_iters': 5000, 'mcts_iters': 100, 'eps': 0.05, 'lr': 0.1, 'flag': 'MCTS'}, 'SA': {'RS_iters': 5000, 'sa_iters': 100, 'eps': 0.05, 'lr': 0.1, 'flag': 'SA'}, 'RME': {'N': 100}}",-7.9426334753
4,600,18.1153703921,"[6, 24, 4, 19, 29, 16, 14, 5, 6, 3]",RME,rep,10,30,10,0.9500000000000001,10000,635.4990506172,"{'APS': {'cooling_schedule': array([     1,     11,     21, ..., 999971, 999981, 999991])}, 'MCTS': {'RS_iters': 5000, 'mcts_iters': 100, 'eps': 0.05, 'lr': 0.1, 'flag': 'MCTS'}, 'SA': {'RS_iters': 5000, 'sa_iters': 100, 'eps': 0.05, 'lr': 0.1, 'flag': 'SA'}, 'RME': {'N': 100}}",-7.8846296079
4,615,17.3424180108,"[15, 13, 15, 19, 20, 4, 14, 5, 21, 8]",RME,rep,10,30,10,0.9500000000000001,10000,650.3296391964,"{'APS': {'cooling_schedule': array([     1,     11,     21, ..., 999971, 999981, 999991])}, 'MCTS': {'RS_iters': 5000, 'mcts_iters': 100, 'eps': 0.05, 'lr': 0.1, 'flag': 'MCTS'}, 'SA': {'RS_iters': 5000, 'sa_iters': 100, 'eps': 0.05, 'lr': 0.1, 'flag': 'SA'}, 'RME': {'N': 100}}",-8.6575819892
4,630,18.2063855979,"[6, 19, 13, 4, 18, 24, 4, 4, 18, 12]",RME,rep,10,30,10,0.9500000000000001,10000,666.4966094494,"{'APS': {'cooling_schedule': array([     1,     11,     21, ..., 999971, 999981, 999991])}, 'MCTS': {'RS_iters': 5000, 'mcts_iters': 100, 'eps': 0.05, 'lr': 0.1, 'flag': 'MCTS'}, 'SA': {'RS_iters': 5000, 'sa_iters': 100, 'eps': 0.05, 'lr': 0.1, 'flag': 'SA'}, 'RME': {'N': 100}}",-7.7936144021
4,645,18.1406269032,"[17, 21, 3, 8, 22, 19, 14, 4, 13, 14]",RME,rep,10,30,10,0.9500000000000001,10000,680.8375294209,"{'APS': {'cooling_schedule': array([     1,     11,     21, ..., 999971, 999981, 999991])}, 'MCTS': {'RS_iters': 5000, 'mcts_iters': 100, 'eps': 0.05, 'lr': 0.1, 'flag': 'MCTS'}, 'SA': {'RS_iters': 5000, 'sa_iters': 100, 'eps': 0.05, 'lr': 0.1, 'flag': 'SA'}, 'RME': {'N': 100}}",-7.8593730968
4,660,18.0632777198,"[29, 9, 26, 23, 29, 3, 27, 4, 11, 22]",RME,rep,10,30,10,0.9500000000000001,10000,696.0054628849,"{'APS': {'cooling_schedule': array([     1,     11,     21, ..., 999971, 999981, 999991])}, 'MCTS': {'RS_iters': 5000, 'mcts_iters': 100, 'eps': 0.05, 'lr': 0.1, 'flag': 'MCTS'}, 'SA': {'RS_iters': 5000, 'sa_iters': 100, 'eps': 0.05, 'lr': 0.1, 'flag': 'SA'}, 'RME': {'N': 100}}",-7.9367222802
4,675,17.9759951354,"[0, 9, 3, 5, 25, 18, 14, 7, 2, 11]",RME,rep,10,30,10,0.9500000000000001,10000,711.1096422672,"{'APS': {'cooling_schedule': array([     1,     11,     21, ..., 999971, 999981, 999991])}, 'MCTS': {'RS_iters': 5000, 'mcts_iters': 100, 'eps': 0.05, 'lr': 0.1, 'flag': 'MCTS'}, 'SA': {'RS_iters': 5000, 'sa_iters': 100, 'eps': 0.05, 'lr': 0.1, 'flag': 'SA'}, 'RME': {'N': 100}}",-8.0240048646
4,690,18.3729254706,"[6, 25, 3, 9, 14, 6, 4, 14, 11, 7]",RME,rep,10,30,10,0.9500000000000001,10000,727.0163784027,"{'APS': {'cooling_schedule': array([     1,     11,     21, ..., 999971, 999981, 999991])}, 'MCTS': {'RS_iters': 5000, 'mcts_iters': 100, 'eps': 0.05, 'lr': 0.1, 'flag': 'MCTS'}, 'SA': {'RS_iters': 5000, 'sa_iters': 100, 'eps': 0.05, 'lr': 0.1, 'flag': 'SA'}, 'RME': {'N': 100}}",-7.6270745294
4,705,17.875003208,"[22, 28, 19, 19, 20, 8, 6, 23, 11, 28]",RME,rep,10,30,10,0.9500000000000001,10000,740.8805773258,"{'APS': {'cooling_schedule': array([     1,     11,     21, ..., 999971, 999981, 999991])}, 'MCTS': {'RS_iters': 5000, 'mcts_iters': 100, 'eps': 0.05, 'lr': 0.1, 'flag': 'MCTS'}, 'SA': {'RS_iters': 5000, 'sa_iters': 100, 'eps': 0.05, 'lr': 0.1, 'flag': 'SA'}, 'RME': {'N': 100}}",-8.124996792
4,720,18.1075159507,"[6, 9, 3, 4, 18, 0, 22, 1, 9, 16]",RME,rep,10,30,10,0.9500000000000001,10000,755.5263986588,"{'APS': {'cooling_schedule': array([     1,     11,     21, ..., 999971, 999981, 999991])}, 'MCTS': {'RS_iters': 5000, 'mcts_iters': 100, 'eps': 0.05, 'lr': 0.1, 'flag': 'MCTS'}, 'SA': {'RS_iters': 5000, 'sa_iters': 100, 'eps': 0.05, 'lr': 0.1, 'flag': 'SA'}, 'RME': {'N': 100}}",-7.8924840493
4,735,18.3667815073,"[1, 24, 3, 19, 29, 25, 11, 4, 1, 26]",RME,rep,10,30,10,0.9500000000000001,10000,770.4699940681,"{'APS': {'cooling_schedule': array([     1,     11,     21, ..., 999971, 999981, 999991])}, 'MCTS': {'RS_iters': 5000, 'mcts_iters': 100, 'eps': 0.05, 'lr': 0.1, 'flag': 'MCTS'}, 'SA': {'RS_iters': 5000, 'sa_iters': 100, 'eps': 0.05, 'lr': 0.1, 'flag': 'SA'}, 'RME': {'N': 100}}",-7.6332184927
4,750,17.6045940049,"[5, 9, 14, 21, 27, 18, 14, 2, 28, 28]",RME,rep,10,30,10,0.9500000000000001,10000,785.6606209278,"{'APS': {'cooling_schedule': array([     1,     11,     21, ..., 999971, 999981, 999991])}, 'MCTS': {'RS_iters': 5000, 'mcts_iters': 100, 'eps': 0.05, 'lr': 0.1, 'flag': 'MCTS'}, 'SA': {'RS_iters': 5000, 'sa_iters': 100, 'eps': 0.05, 'lr': 0.1, 'flag': 'SA'}, 'RME': {'N': 100}}",-8.3954059951
4,765,18.2800516944,"[22, 9, 24, 19, 14, 21, 17, 22, 11, 19]",RME,rep,10,30,10,0.9500000000000001,10000,800.3020803928,"{'APS': {'cooling_schedule': array([     1,     11,     21, ..., 999971, 999981, 999991])}, 'MCTS': {'RS_iters': 5000, 'mcts_iters': 100, 'eps': 0.05, 'lr': 0.1, 'flag': 'MCTS'}, 'SA': {'RS_iters': 5000, 'sa_iters': 100, 'eps': 0.05, 'lr': 0.1, 'flag': 'SA'}, 'RME': {'N': 100}}",-7.7199483056
4,780,18.3190671526,"[16, 9, 25, 19, 14, 14, 14, 13, 6, 0]",RME,rep,10,30,10,0.9500000000000001,10000,816.2822434902,"{'APS': {'cooling_schedule': array([     1,     11,     21, ..., 999971, 999981, 999991])}, 'MCTS': {'RS_iters': 5000, 'mcts_iters': 100, 'eps': 0.05, 'lr': 0.1, 'flag': 'MCTS'}, 'SA': {'RS_iters': 5000, 'sa_iters': 100, 'eps': 0.05, 'lr': 0.1, 'flag': 'SA'}, 'RME': {'N': 100}}",-7.6809328474
4,795,18.2354219563,"[23, 17, 3, 19, 29, 8, 8, 6, 11, 7]",RME,rep,10,30,10,0.9500000000000001,10000,830.5304093361,"{'APS': {'cooling_schedule': array([     1,     11,     21, ..., 999971, 999981, 999991])}, 'MCTS': {'RS_iters': 5000, 'mcts_iters': 100, 'eps': 0.05, 'lr': 0.1, 'flag': 'MCTS'}, 'SA': {'RS_iters': 5000, 'sa_iters': 100, 'eps': 0.05, 'lr': 0.1, 'flag': 'SA'}, 'RME': {'N': 100}}",-7.7645780437
4,810,18.1471357322,"[6, 15, 0, 14, 14, 26, 14, 12, 11, 22]",RME,rep,10,30,10,0.9500000000000001,10000,845.8296744823,"{'APS': {'cooling_schedule': array([     1,     11,     21, ..., 999971, 999981, 999991])}, 'MCTS': {'RS_iters': 5000, 'mcts_iters': 100, 'eps': 0.05, 'lr': 0.1, 'flag': 'MCTS'}, 'SA': {'RS_iters': 5000, 'sa_iters': 100, 'eps': 0.05, 'lr': 0.1, 'flag': 'SA'}, 'RME': {'N': 100}}",-7.8528642678
4,825,18.0200636264,"[28, 9, 4, 13, 6, 29, 14, 0, 24, 28]",RME,rep,10,30,10,0.9500000000000001,10000,861.1769697666,"{'APS': {'cooling_schedule': array([     1,     11,     21, ..., 999971, 999981, 999991])}, 'MCTS': {'RS_iters': 5000, 'mcts_iters': 100, 'eps': 0.05, 'lr': 0.1, 'flag': 'MCTS'}, 'SA': {'RS_iters': 5000, 'sa_iters': 100, 'eps': 0.05, 'lr': 0.1, 'flag': 'SA'}, 'RME': {'N': 100}}",-7.9799363736
4,840,18.0327947307,"[1, 16, 20, 19, 14, 24, 1, 13, 11, 11]",RME,rep,10,30,10,0.9500000000000001,10000,876.9466736317,"{'APS': {'cooling_schedule': array([     1,     11,     21, ..., 999971, 999981, 999991])}, 'MCTS': {'RS_iters': 5000, 'mcts_iters': 100, 'eps': 0.05, 'lr': 0.1, 'flag': 'MCTS'}, 'SA': {'RS_iters': 5000, 'sa_iters': 100, 'eps': 0.05, 'lr': 0.1, 'flag': 'SA'}, 'RME': {'N': 100}}",-7.9672052693
4,855,17.7514957174,"[6, 9, 14, 19, 11, 4, 22, 29, 25, 24]",RME,rep,10,30,10,0.9500000000000001,10000,890.7234120369,"{'APS': {'cooling_schedule': array([     1,     11,     21, ..., 999971, 999981, 999991])}, 'MCTS': {'RS_iters': 5000, 'mcts_iters': 100, 'eps': 0.05, 'lr': 0.1, 'flag': 'MCTS'}, 'SA': {'RS_iters': 5000, 'sa_iters': 100, 'eps': 0.05, 'lr': 0.1, 'flag': 'SA'}, 'RME': {'N': 100}}",-8.2485042826
4,870,18.4229892737,"[6, 10, 5, 4, 13, 8, 9, 4, 11, 25]",RME,rep,10,30,10,0.9500000000000001,10000,905.861205101,"{'APS': {'cooling_schedule': array([     1,     11,     21, ..., 999971, 999981, 999991])}, 'MCTS': {'RS_iters': 5000, 'mcts_iters': 100, 'eps': 0.05, 'lr': 0.1, 'flag': 'MCTS'}, 'SA': {'RS_iters': 5000, 'sa_iters': 100, 'eps': 0.05, 'lr': 0.1, 'flag': 'SA'}, 'RME': {'N': 100}}",-7.5770107263
4,885,17.5482255311,"[6, 3, 6, 3, 13, 9, 14, 3, 14, 6]",RME,rep,10,30,10,0.9500000000000001,10000,920.4843993187,"{'APS': {'cooling_schedule': array([     1,     11,     21, ..., 999971, 999981, 999991])}, 'MCTS': {'RS_iters': 5000, 'mcts_iters': 100, 'eps': 0.05, 'lr': 0.1, 'flag': 'MCTS'}, 'SA': {'RS_iters': 5000, 'sa_iters': 100, 'eps': 0.05, 'lr': 0.1, 'flag': 'SA'}, 'RME': {'N': 100}}",-8.4517744689
4,900,18.1667247367,"[19, 22, 12, 16, 13, 21, 14, 4, 11, 26]",RME,rep,10,30,10,0.9500000000000001,10000,935.4864559174,"{'APS': {'cooling_schedule': array([     1,     11,     21, ..., 999971, 999981, 999991])}, 'MCTS': {'RS_iters': 5000, 'mcts_iters': 100, 'eps': 0.05, 'lr': 0.1, 'flag': 'MCTS'}, 'SA': {'RS_iters': 5000, 'sa_iters': 100, 'eps': 0.05, 'lr': 0.1, 'flag': 'SA'}, 'RME': {'N': 100}}",-7.8332752633
4,915,18.1388037284,"[1, 0, 3, 2, 25, 1, 28, 4, 28, 28]",RME,rep,10,30,10,0.9500000000000001,10000,950.1978478432,"{'APS': {'cooling_schedule': array([     1,     11,     21, ..., 999971, 999981, 999991])}, 'MCTS': {'RS_iters': 5000, 'mcts_iters': 100, 'eps': 0.05, 'lr': 0.1, 'flag': 'MCTS'}, 'SA': {'RS_iters': 5000, 'sa_iters': 100, 'eps': 0.05, 'lr': 0.1, 'flag': 'SA'}, 'RME': {'N': 100}}",-7.8611962716
4,930,17.8110280062,"[6, 0, 10, 9, 18, 12, 23, 4, 11, 9]",RME,rep,10,30,10,0.9500000000000001,10000,965.9293718338,"{'APS': {'cooling_schedule': array([     1,     11,     21, ..., 999971, 999981, 999991])}, 'MCTS': {'RS_iters': 5000, 'mcts_iters': 100, 'eps': 0.05, 'lr': 0.1, 'flag': 'MCTS'}, 'SA': {'RS_iters': 5000, 'sa_iters': 100, 'eps': 0.05, 'lr': 0.1, 'flag': 'SA'}, 'RME': {'N': 100}}",-8.1889719938
4,945,18.6287397559,"[6, 15, 0, 19, 13, 5, 12, 23, 23, 28]",RME,rep,10,30,10,0.9500000000000001,10000,980.7645905018,"{'APS': {'cooling_schedule': array([     1,     11,     21, ..., 999971, 999981, 999991])}, 'MCTS': {'RS_iters': 5000, 'mcts_iters': 100, 'eps': 0.05, 'lr': 0.1, 'flag': 'MCTS'}, 'SA': {'RS_iters': 5000, 'sa_iters': 100, 'eps': 0.05, 'lr': 0.1, 'flag': 'SA'}, 'RME': {'N': 100}}",-7.3712602441
4,960,18.1663301097,"[1, 23, 3, 22, 22, 17, 22, 4, 13, 28]",RME,rep,10,30,10,0.9500000000000001,10000,996.1191039085,"{'APS': {'cooling_schedule': array([     1,     11,     21, ..., 999971, 999981, 999991])}, 'MCTS': {'RS_iters': 5000, 'mcts_iters': 100, 'eps': 0.05, 'lr': 0.1, 'flag': 'MCTS'}, 'SA': {'RS_iters': 5000, 'sa_iters': 100, 'eps': 0.05, 'lr': 0.1, 'flag': 'SA'}, 'RME': {'N': 100}}",-7.8336698903
4,975,19.0619891977,"[29, 8, 3, 5, 29, 12, 14, 4, 11, 6]",RME,rep,10,30,10,0.9500000000000001,10000,1010.9572141171,"{'APS': {'cooling_schedule': array([     1,     11,     21, ..., 999971, 999981, 999991])}, 'MCTS': {'RS_iters': 5000, 'mcts_iters': 100, 'eps': 0.05, 'lr': 0.1, 'flag': 'MCTS'}, 'SA': {'RS_iters': 5000, 'sa_iters': 100, 'eps': 0.05, 'lr': 0.1, 'flag': 'SA'}, 'RME': {'N': 100}}",-6.9380108023
4,990,18.8419856627,"[9, 25, 0, 19, 22, 24, 14, 21, 11, 0]",RME,rep,10,30,10,0.9500000000000001,10000,1026.6040203571,"{'APS': {'cooling_schedule': array([     1,     11,     21, ..., 999971, 999981, 999991])}, 'MCTS': {'RS_iters': 5000, 'mcts_iters': 100, 'eps': 0.05, 'lr': 0.1, 'flag': 'MCTS'}, 'SA': {'RS_iters': 5000, 'sa_iters': 100, 'eps': 0.05, 'lr': 0.1, 'flag': 'SA'}, 'RME': {'N': 100}}",-7.1580143373
4,1005,18.332896961,"[11, 22, 18, 14, 14, 22, 14, 2, 11, 28]",RME,rep,10,30,10,0.9500000000000001,10000,1040.7087464333,"{'APS': {'cooling_schedule': array([     1,     11,     21, ..., 999971, 999981, 999991])}, 'MCTS': {'RS_iters': 5000, 'mcts_iters': 100, 'eps': 0.05, 'lr': 0.1, 'flag': 'MCTS'}, 'SA': {'RS_iters': 5000, 'sa_iters': 100, 'eps': 0.05, 'lr': 0.1, 'flag': 'SA'}, 'RME': {'N': 100}}",-7.667103039
4,1020,18.2677842222,"[22, 12, 3, 22, 13, 17, 19, 4, 11, 17]",RME,rep,10,30,10,0.9500000000000001,10000,1055.7249510288,"{'APS': {'cooling_schedule': array([     1,     11,     21, ..., 999971, 999981, 999991])}, 'MCTS': {'RS_iters': 5000, 'mcts_iters': 100, 'eps': 0.05, 'lr': 0.1, 'flag': 'MCTS'}, 'SA': {'RS_iters': 5000, 'sa_iters': 100, 'eps': 0.05, 'lr': 0.1, 'flag': 'SA'}, 'RME': {'N': 100}}",-7.7322157778000005
4,1035,17.8260486256,"[25, 19, 3, 19, 24, 15, 14, 21, 1, 26]",RME,rep,10,30,10,0.9500000000000001,10000,1070.6576759815,"{'APS': {'cooling_schedule': array([     1,     11,     21, ..., 999971, 999981, 999991])}, 'MCTS': {'RS_iters': 5000, 'mcts_iters': 100, 'eps': 0.05, 'lr': 0.1, 'flag': 'MCTS'}, 'SA': {'RS_iters': 5000, 'sa_iters': 100, 'eps': 0.05, 'lr': 0.1, 'flag': 'SA'}, 'RME': {'N': 100}}",-8.1739513744
4,1050,18.520661042,"[6, 27, 3, 3, 6, 17, 12, 4, 0, 5]",RME,rep,10,30,10,0.9500000000000001,10000,1085.5047450066,"{'APS': {'cooling_schedule': array([     1,     11,     21, ..., 999971, 999981, 999991])}, 'MCTS': {'RS_iters': 5000, 'mcts_iters': 100, 'eps': 0.05, 'lr': 0.1, 'flag': 'MCTS'}, 'SA': {'RS_iters': 5000, 'sa_iters': 100, 'eps': 0.05, 'lr': 0.1, 'flag': 'SA'}, 'RME': {'N': 100}}",-7.479338958
4,1065,18.5639772854,"[25, 9, 5, 19, 19, 27, 19, 4, 11, 23]",RME,rep,10,30,10,0.9500000000000001,10000,1100.187943697,"{'APS': {'cooling_schedule': array([     1,     11,     21, ..., 999971, 999981, 999991])}, 'MCTS': {'RS_iters': 5000, 'mcts_iters': 100, 'eps': 0.05, 'lr': 0.1, 'flag': 'MCTS'}, 'SA': {'RS_iters': 5000, 'sa_iters': 100, 'eps': 0.05, 'lr': 0.1, 'flag': 'SA'}, 'RME': {'N': 100}}",-7.4360227146
4,1080,18.4603874248,"[6, 9, 7, 3, 14, 25, 11, 21, 11, 25]",RME,rep,10,30,10,0.9500000000000001,10000,1116.3263912201,"{'APS': {'cooling_schedule': array([     1,     11,     21, ..., 999971, 999981, 999991])}, 'MCTS': {'RS_iters': 5000, 'mcts_iters': 100, 'eps': 0.05, 'lr': 0.1, 'flag': 'MCTS'}, 'SA': {'RS_iters': 5000, 'sa_iters': 100, 'eps': 0.05, 'lr': 0.1, 'flag': 'SA'}, 'RME': {'N': 100}}",-7.5396125752
4,1095,18.785046693,"[6, 9, 29, 19, 20, 24, 25, 3, 9, 25]",RME,rep,10,30,10,0.9500000000000001,10000,1130.5916640759,"{'APS': {'cooling_schedule': array([     1,     11,     21, ..., 999971, 999981, 999991])}, 'MCTS': {'RS_iters': 5000, 'mcts_iters': 100, 'eps': 0.05, 'lr': 0.1, 'flag': 'MCTS'}, 'SA': {'RS_iters': 5000, 'sa_iters': 100, 'eps': 0.05, 'lr': 0.1, 'flag': 'SA'}, 'RME': {'N': 100}}",-7.214953307
4,1110,18.0511032322,"[9, 9, 3, 21, 14, 24, 22, 10, 28, 21]",RME,rep,10,30,10,0.9500000000000001,10000,1146.2073509693,"{'APS': {'cooling_schedule': array([     1,     11,     21, ..., 999971, 999981, 999991])}, 'MCTS': {'RS_iters': 5000, 'mcts_iters': 100, 'eps': 0.05, 'lr': 0.1, 'flag': 'MCTS'}, 'SA': {'RS_iters': 5000, 'sa_iters': 100, 'eps': 0.05, 'lr': 0.1, 'flag': 'SA'}, 'RME': {'N': 100}}",-7.9488967678
4,1125,18.2094635726,"[21, 2, 3, 19, 13, 0, 29, 0, 20, 28]",RME,rep,10,30,10,0.9500000000000001,10000,1160.8210856915,"{'APS': {'cooling_schedule': array([     1,     11,     21, ..., 999971, 999981, 999991])}, 'MCTS': {'RS_iters': 5000, 'mcts_iters': 100, 'eps': 0.05, 'lr': 0.1, 'flag': 'MCTS'}, 'SA': {'RS_iters': 5000, 'sa_iters': 100, 'eps': 0.05, 'lr': 0.1, 'flag': 'SA'}, 'RME': {'N': 100}}",-7.7905364274
4,1140,17.9847818584,"[6, 9, 11, 3, 9, 9, 20, 7, 28, 28]",RME,rep,10,30,10,0.9500000000000001,10000,1176.5092885494,"{'APS': {'cooling_schedule': array([     1,     11,     21, ..., 999971, 999981, 999991])}, 'MCTS': {'RS_iters': 5000, 'mcts_iters': 100, 'eps': 0.05, 'lr': 0.1, 'flag': 'MCTS'}, 'SA': {'RS_iters': 5000, 'sa_iters': 100, 'eps': 0.05, 'lr': 0.1, 'flag': 'SA'}, 'RME': {'N': 100}}",-8.0152181416
4,1155,18.4711644423,"[21, 25, 3, 5, 13, 5, 14, 22, 11, 1]",RME,rep,10,30,10,0.9500000000000001,10000,1191.06143713,"{'APS': {'cooling_schedule': array([     1,     11,     21, ..., 999971, 999981, 999991])}, 'MCTS': {'RS_iters': 5000, 'mcts_iters': 100, 'eps': 0.05, 'lr': 0.1, 'flag': 'MCTS'}, 'SA': {'RS_iters': 5000, 'sa_iters': 100, 'eps': 0.05, 'lr': 0.1, 'flag': 'SA'}, 'RME': {'N': 100}}",-7.5288355577
4,1170,18.1089175457,"[29, 9, 3, 8, 25, 23, 7, 18, 11, 19]",RME,rep,10,30,10,0.9500000000000001,10000,1206.0137023926,"{'APS': {'cooling_schedule': array([     1,     11,     21, ..., 999971, 999981, 999991])}, 'MCTS': {'RS_iters': 5000, 'mcts_iters': 100, 'eps': 0.05, 'lr': 0.1, 'flag': 'MCTS'}, 'SA': {'RS_iters': 5000, 'sa_iters': 100, 'eps': 0.05, 'lr': 0.1, 'flag': 'SA'}, 'RME': {'N': 100}}",-7.8910824543
4,1185,18.5194058214,"[8, 9, 3, 19, 23, 25, 22, 4, 24, 15]",RME,rep,10,30,10,0.9500000000000001,10000,1220.0812401772,"{'APS': {'cooling_schedule': array([     1,     11,     21, ..., 999971, 999981, 999991])}, 'MCTS': {'RS_iters': 5000, 'mcts_iters': 100, 'eps': 0.05, 'lr': 0.1, 'flag': 'MCTS'}, 'SA': {'RS_iters': 5000, 'sa_iters': 100, 'eps': 0.05, 'lr': 0.1, 'flag': 'SA'}, 'RME': {'N': 100}}",-7.4805941786
4,1200,18.4819036009,"[3, 9, 0, 19, 25, 10, 29, 4, 27, 1]",RME,rep,10,30,10,0.9500000000000001,10000,1235.8407342434,"{'APS': {'cooling_schedule': array([     1,     11,     21, ..., 999971, 999981, 999991])}, 'MCTS': {'RS_iters': 5000, 'mcts_iters': 100, 'eps': 0.05, 'lr': 0.1, 'flag': 'MCTS'}, 'SA': {'RS_iters': 5000, 'sa_iters': 100, 'eps': 0.05, 'lr': 0.1, 'flag': 'SA'}, 'RME': {'N': 100}}",-7.5180963991
5,15,16.5526829768,"[6, 21, 26, 19, 3, 0, 22, 17, 5, 24]",RME,rep,10,30,10,0.9500000000000001,10000,50.0984277725,"{'APS': {'cooling_schedule': array([     1,     11,     21, ..., 999971, 999981, 999991])}, 'MCTS': {'RS_iters': 5000, 'mcts_iters': 100, 'eps': 0.05, 'lr': 0.1, 'flag': 'MCTS'}, 'SA': {'RS_iters': 5000, 'sa_iters': 100, 'eps': 0.05, 'lr': 0.1, 'flag': 'SA'}, 'RME': {'N': 100}}",-9.4473170232
5,30,17.3534954042,"[6, 24, 7, 19, 25, 27, 25, 5, 24, 29]",RME,rep,10,30,10,0.9500000000000001,10000,65.2665596008,"{'APS': {'cooling_schedule': array([     1,     11,     21, ..., 999971, 999981, 999991])}, 'MCTS': {'RS_iters': 5000, 'mcts_iters': 100, 'eps': 0.05, 'lr': 0.1, 'flag': 'MCTS'}, 'SA': {'RS_iters': 5000, 'sa_iters': 100, 'eps': 0.05, 'lr': 0.1, 'flag': 'SA'}, 'RME': {'N': 100}}",-8.6465045958
5,45,17.561947231,"[6, 14, 6, 4, 12, 29, 25, 4, 13, 12]",RME,rep,10,30,10,0.9500000000000001,10000,79.8829638958,"{'APS': {'cooling_schedule': array([     1,     11,     21, ..., 999971, 999981, 999991])}, 'MCTS': {'RS_iters': 5000, 'mcts_iters': 100, 'eps': 0.05, 'lr': 0.1, 'flag': 'MCTS'}, 'SA': {'RS_iters': 5000, 'sa_iters': 100, 'eps': 0.05, 'lr': 0.1, 'flag': 'SA'}, 'RME': {'N': 100}}",-8.438052769
5,60,16.8330314779,"[17, 8, 18, 14, 20, 24, 25, 4, 10, 0]",RME,rep,10,30,10,0.9500000000000001,10000,96.3338067532,"{'APS': {'cooling_schedule': array([     1,     11,     21, ..., 999971, 999981, 999991])}, 'MCTS': {'RS_iters': 5000, 'mcts_iters': 100, 'eps': 0.05, 'lr': 0.1, 'flag': 'MCTS'}, 'SA': {'RS_iters': 5000, 'sa_iters': 100, 'eps': 0.05, 'lr': 0.1, 'flag': 'SA'}, 'RME': {'N': 100}}",-9.1669685221
5,75,19.023341051,"[6, 11, 28, 6, 29, 24, 14, 4, 3, 27]",RME,rep,10,30,10,0.9500000000000001,10000,110.1114068031,"{'APS': {'cooling_schedule': array([     1,     11,     21, ..., 999971, 999981, 999991])}, 'MCTS': {'RS_iters': 5000, 'mcts_iters': 100, 'eps': 0.05, 'lr': 0.1, 'flag': 'MCTS'}, 'SA': {'RS_iters': 5000, 'sa_iters': 100, 'eps': 0.05, 'lr': 0.1, 'flag': 'SA'}, 'RME': {'N': 100}}",-6.976658949
5,90,16.6615914494,"[15, 20, 12, 26, 6, 24, 14, 21, 27, 20]",RME,rep,10,30,10,0.9500000000000001,10000,126.5120890141,"{'APS': {'cooling_schedule': array([     1,     11,     21, ..., 999971, 999981, 999991])}, 'MCTS': {'RS_iters': 5000, 'mcts_iters': 100, 'eps': 0.05, 'lr': 0.1, 'flag': 'MCTS'}, 'SA': {'RS_iters': 5000, 'sa_iters': 100, 'eps': 0.05, 'lr': 0.1, 'flag': 'SA'}, 'RME': {'N': 100}}",-9.3384085506
5,105,17.4942727949,"[18, 9, 13, 20, 14, 5, 18, 4, 0, 15]",RME,rep,10,30,10,0.9500000000000001,10000,140.5737671852,"{'APS': {'cooling_schedule': array([     1,     11,     21, ..., 999971, 999981, 999991])}, 'MCTS': {'RS_iters': 5000, 'mcts_iters': 100, 'eps': 0.05, 'lr': 0.1, 'flag': 'MCTS'}, 'SA': {'RS_iters': 5000, 'sa_iters': 100, 'eps': 0.05, 'lr': 0.1, 'flag': 'SA'}, 'RME': {'N': 100}}",-8.5057272051
5,120,18.346409602,"[15, 9, 26, 19, 13, 22, 26, 4, 1, 24]",RME,rep,10,30,10,0.9500000000000001,10000,155.1850686073,"{'APS': {'cooling_schedule': array([     1,     11,     21, ..., 999971, 999981, 999991])}, 'MCTS': {'RS_iters': 5000, 'mcts_iters': 100, 'eps': 0.05, 'lr': 0.1, 'flag': 'MCTS'}, 'SA': {'RS_iters': 5000, 'sa_iters': 100, 'eps': 0.05, 'lr': 0.1, 'flag': 'SA'}, 'RME': {'N': 100}}",-7.653590398
5,135,17.9082283861,"[9, 9, 3, 19, 25, 16, 25, 10, 28, 23]",RME,rep,10,30,10,0.9500000000000001,10000,171.4334516525,"{'APS': {'cooling_schedule': array([     1,     11,     21, ..., 999971, 999981, 999991])}, 'MCTS': {'RS_iters': 5000, 'mcts_iters': 100, 'eps': 0.05, 'lr': 0.1, 'flag': 'MCTS'}, 'SA': {'RS_iters': 5000, 'sa_iters': 100, 'eps': 0.05, 'lr': 0.1, 'flag': 'SA'}, 'RME': {'N': 100}}",-8.0917716139
5,150,17.2552497981,"[0, 16, 20, 19, 25, 21, 25, 4, 23, 16]",RME,rep,10,30,10,0.9500000000000001,10000,186.3298382759,"{'APS': {'cooling_schedule': array([     1,     11,     21, ..., 999971, 999981, 999991])}, 'MCTS': {'RS_iters': 5000, 'mcts_iters': 100, 'eps': 0.05, 'lr': 0.1, 'flag': 'MCTS'}, 'SA': {'RS_iters': 5000, 'sa_iters': 100, 'eps': 0.05, 'lr': 0.1, 'flag': 'SA'}, 'RME': {'N': 100}}",-8.7447502019
5,165,17.5667668395,"[23, 9, 6, 19, 29, 10, 2, 22, 27, 14]",RME,rep,10,30,10,0.9500000000000001,10000,200.3236987591,"{'APS': {'cooling_schedule': array([     1,     11,     21, ..., 999971, 999981, 999991])}, 'MCTS': {'RS_iters': 5000, 'mcts_iters': 100, 'eps': 0.05, 'lr': 0.1, 'flag': 'MCTS'}, 'SA': {'RS_iters': 5000, 'sa_iters': 100, 'eps': 0.05, 'lr': 0.1, 'flag': 'SA'}, 'RME': {'N': 100}}",-8.4332331605
5,180,17.9443506826,"[6, 9, 5, 1, 18, 12, 14, 24, 18, 17]",RME,rep,10,30,10,0.9500000000000001,10000,215.3146746159,"{'APS': {'cooling_schedule': array([     1,     11,     21, ..., 999971, 999981, 999991])}, 'MCTS': {'RS_iters': 5000, 'mcts_iters': 100, 'eps': 0.05, 'lr': 0.1, 'flag': 'MCTS'}, 'SA': {'RS_iters': 5000, 'sa_iters': 100, 'eps': 0.05, 'lr': 0.1, 'flag': 'SA'}, 'RME': {'N': 100}}",-8.0556493174
5,195,17.4360565115,"[14, 9, 3, 2, 13, 5, 7, 9, 25, 15]",RME,rep,10,30,10,0.9500000000000001,10000,230.6366329193,"{'APS': {'cooling_schedule': array([     1,     11,     21, ..., 999971, 999981, 999991])}, 'MCTS': {'RS_iters': 5000, 'mcts_iters': 100, 'eps': 0.05, 'lr': 0.1, 'flag': 'MCTS'}, 'SA': {'RS_iters': 5000, 'sa_iters': 100, 'eps': 0.05, 'lr': 0.1, 'flag': 'SA'}, 'RME': {'N': 100}}",-8.5639434885
5,210,17.4166218426,"[18, 8, 3, 10, 12, 4, 14, 6, 22, 10]",RME,rep,10,30,10,0.9500000000000001,10000,246.3586571217,"{'APS': {'cooling_schedule': array([     1,     11,     21, ..., 999971, 999981, 999991])}, 'MCTS': {'RS_iters': 5000, 'mcts_iters': 100, 'eps': 0.05, 'lr': 0.1, 'flag': 'MCTS'}, 'SA': {'RS_iters': 5000, 'sa_iters': 100, 'eps': 0.05, 'lr': 0.1, 'flag': 'SA'}, 'RME': {'N': 100}}",-8.5833781574
5,225,17.4299556293,"[23, 9, 2, 21, 22, 1, 13, 16, 11, 6]",RME,rep,10,30,10,0.9500000000000001,10000,261.1360425949,"{'APS': {'cooling_schedule': array([     1,     11,     21, ..., 999971, 999981, 999991])}, 'MCTS': {'RS_iters': 5000, 'mcts_iters': 100, 'eps': 0.05, 'lr': 0.1, 'flag': 'MCTS'}, 'SA': {'RS_iters': 5000, 'sa_iters': 100, 'eps': 0.05, 'lr': 0.1, 'flag': 'SA'}, 'RME': {'N': 100}}",-8.5700443707
5,240,17.4232434205,"[6, 0, 0, 11, 22, 5, 11, 23, 11, 1]",RME,rep,10,30,10,0.9500000000000001,10000,275.3568120003,"{'APS': {'cooling_schedule': array([     1,     11,     21, ..., 999971, 999981, 999991])}, 'MCTS': {'RS_iters': 5000, 'mcts_iters': 100, 'eps': 0.05, 'lr': 0.1, 'flag': 'MCTS'}, 'SA': {'RS_iters': 5000, 'sa_iters': 100, 'eps': 0.05, 'lr': 0.1, 'flag': 'SA'}, 'RME': {'N': 100}}",-8.5767565795
5,255,17.2286261655,"[24, 5, 22, 19, 9, 10, 14, 0, 14, 22]",RME,rep,10,30,10,0.9500000000000001,10000,291.5067441463,"{'APS': {'cooling_schedule': array([     1,     11,     21, ..., 999971, 999981, 999991])}, 'MCTS': {'RS_iters': 5000, 'mcts_iters': 100, 'eps': 0.05, 'lr': 0.1, 'flag': 'MCTS'}, 'SA': {'RS_iters': 5000, 'sa_iters': 100, 'eps': 0.05, 'lr': 0.1, 'flag': 'SA'}, 'RME': {'N': 100}}",-8.7713738345
5,270,18.1675371834,"[6, 9, 3, 18, 25, 26, 28, 24, 0, 5]",RME,rep,10,30,10,0.9500000000000001,10000,304.9959485531,"{'APS': {'cooling_schedule': array([     1,     11,     21, ..., 999971, 999981, 999991])}, 'MCTS': {'RS_iters': 5000, 'mcts_iters': 100, 'eps': 0.05, 'lr': 0.1, 'flag': 'MCTS'}, 'SA': {'RS_iters': 5000, 'sa_iters': 100, 'eps': 0.05, 'lr': 0.1, 'flag': 'SA'}, 'RME': {'N': 100}}",-7.8324628166
5,285,17.3942488465,"[6, 16, 18, 19, 13, 20, 19, 2, 14, 9]",RME,rep,10,30,10,0.9500000000000001,10000,321.0211114883,"{'APS': {'cooling_schedule': array([     1,     11,     21, ..., 999971, 999981, 999991])}, 'MCTS': {'RS_iters': 5000, 'mcts_iters': 100, 'eps': 0.05, 'lr': 0.1, 'flag': 'MCTS'}, 'SA': {'RS_iters': 5000, 'sa_iters': 100, 'eps': 0.05, 'lr': 0.1, 'flag': 'SA'}, 'RME': {'N': 100}}",-8.6057511535
5,300,17.4005048928,"[4, 5, 18, 28, 13, 23, 18, 4, 11, 19]",RME,rep,10,30,10,0.9500000000000001,10000,336.2072336674,"{'APS': {'cooling_schedule': array([     1,     11,     21, ..., 999971, 999981, 999991])}, 'MCTS': {'RS_iters': 5000, 'mcts_iters': 100, 'eps': 0.05, 'lr': 0.1, 'flag': 'MCTS'}, 'SA': {'RS_iters': 5000, 'sa_iters': 100, 'eps': 0.05, 'lr': 0.1, 'flag': 'SA'}, 'RME': {'N': 100}}",-8.5994951072
5,315,17.6544397112,"[6, 29, 27, 19, 16, 29, 14, 21, 8, 16]",RME,rep,10,30,10,0.9500000000000001,10000,350.850151062,"{'APS': {'cooling_schedule': array([     1,     11,     21, ..., 999971, 999981, 999991])}, 'MCTS': {'RS_iters': 5000, 'mcts_iters': 100, 'eps': 0.05, 'lr': 0.1, 'flag': 'MCTS'}, 'SA': {'RS_iters': 5000, 'sa_iters': 100, 'eps': 0.05, 'lr': 0.1, 'flag': 'SA'}, 'RME': {'N': 100}}",-8.3455602888
5,330,17.5039111252,"[6, 17, 17, 19, 6, 5, 22, 29, 0, 13]",RME,rep,10,30,10,0.9500000000000001,10000,366.2831635475,"{'APS': {'cooling_schedule': array([     1,     11,     21, ..., 999971, 999981, 999991])}, 'MCTS': {'RS_iters': 5000, 'mcts_iters': 100, 'eps': 0.05, 'lr': 0.1, 'flag': 'MCTS'}, 'SA': {'RS_iters': 5000, 'sa_iters': 100, 'eps': 0.05, 'lr': 0.1, 'flag': 'SA'}, 'RME': {'N': 100}}",-8.4960888748
5,345,18.0027833245,"[21, 29, 29, 19, 9, 27, 9, 4, 11, 15]",RME,rep,10,30,10,0.9500000000000001,10000,380.7397944927,"{'APS': {'cooling_schedule': array([     1,     11,     21, ..., 999971, 999981, 999991])}, 'MCTS': {'RS_iters': 5000, 'mcts_iters': 100, 'eps': 0.05, 'lr': 0.1, 'flag': 'MCTS'}, 'SA': {'RS_iters': 5000, 'sa_iters': 100, 'eps': 0.05, 'lr': 0.1, 'flag': 'SA'}, 'RME': {'N': 100}}",-7.9972166755
5,360,18.2160973095,"[6, 8, 3, 0, 6, 19, 13, 4, 19, 1]",RME,rep,10,30,10,0.9500000000000001,10000,395.7233960629,"{'APS': {'cooling_schedule': array([     1,     11,     21, ..., 999971, 999981, 999991])}, 'MCTS': {'RS_iters': 5000, 'mcts_iters': 100, 'eps': 0.05, 'lr': 0.1, 'flag': 'MCTS'}, 'SA': {'RS_iters': 5000, 'sa_iters': 100, 'eps': 0.05, 'lr': 0.1, 'flag': 'SA'}, 'RME': {'N': 100}}",-7.7839026905
5,375,17.2758518639,"[20, 24, 0, 17, 6, 18, 14, 16, 28, 28]",RME,rep,10,30,10,0.9500000000000001,10000,411.985023737,"{'APS': {'cooling_schedule': array([     1,     11,     21, ..., 999971, 999981, 999991])}, 'MCTS': {'RS_iters': 5000, 'mcts_iters': 100, 'eps': 0.05, 'lr': 0.1, 'flag': 'MCTS'}, 'SA': {'RS_iters': 5000, 'sa_iters': 100, 'eps': 0.05, 'lr': 0.1, 'flag': 'SA'}, 'RME': {'N': 100}}",-8.7241481361
5,390,17.3343230833,"[6, 26, 14, 19, 13, 2, 25, 19, 5, 16]",RME,rep,10,30,10,0.9500000000000001,10000,425.1873304844,"{'APS': {'cooling_schedule': array([     1,     11,     21, ..., 999971, 999981, 999991])}, 'MCTS': {'RS_iters': 5000, 'mcts_iters': 100, 'eps': 0.05, 'lr': 0.1, 'flag': 'MCTS'}, 'SA': {'RS_iters': 5000, 'sa_iters': 100, 'eps': 0.05, 'lr': 0.1, 'flag': 'SA'}, 'RME': {'N': 100}}",-8.6656769167
5,405,18.0545424054,"[9, 17, 5, 19, 25, 23, 27, 4, 11, 12]",RME,rep,10,30,10,0.9500000000000001,10000,440.4512314796,"{'APS': {'cooling_schedule': array([     1,     11,     21, ..., 999971, 999981, 999991])}, 'MCTS': {'RS_iters': 5000, 'mcts_iters': 100, 'eps': 0.05, 'lr': 0.1, 'flag': 'MCTS'}, 'SA': {'RS_iters': 5000, 'sa_iters': 100, 'eps': 0.05, 'lr': 0.1, 'flag': 'SA'}, 'RME': {'N': 100}}",-7.9454575946
5,420,17.4807825883,"[8, 27, 3, 18, 14, 17, 23, 28, 27, 28]",RME,rep,10,30,10,0.9500000000000001,10000,456.2751507759,"{'APS': {'cooling_schedule': array([     1,     11,     21, ..., 999971, 999981, 999991])}, 'MCTS': {'RS_iters': 5000, 'mcts_iters': 100, 'eps': 0.05, 'lr': 0.1, 'flag': 'MCTS'}, 'SA': {'RS_iters': 5000, 'sa_iters': 100, 'eps': 0.05, 'lr': 0.1, 'flag': 'SA'}, 'RME': {'N': 100}}",-8.5192174117
5,435,18.3033035504,"[9, 9, 20, 19, 20, 22, 22, 4, 1, 16]",RME,rep,10,30,10,0.9500000000000001,10000,470.7894308567,"{'APS': {'cooling_schedule': array([     1,     11,     21, ..., 999971, 999981, 999991])}, 'MCTS': {'RS_iters': 5000, 'mcts_iters': 100, 'eps': 0.05, 'lr': 0.1, 'flag': 'MCTS'}, 'SA': {'RS_iters': 5000, 'sa_iters': 100, 'eps': 0.05, 'lr': 0.1, 'flag': 'SA'}, 'RME': {'N': 100}}",-7.6966964496
5,450,18.2572086113,"[7, 9, 4, 16, 14, 17, 14, 4, 22, 14]",RME,rep,10,30,10,0.9500000000000001,10000,485.9604516029,"{'APS': {'cooling_schedule': array([     1,     11,     21, ..., 999971, 999981, 999991])}, 'MCTS': {'RS_iters': 5000, 'mcts_iters': 100, 'eps': 0.05, 'lr': 0.1, 'flag': 'MCTS'}, 'SA': {'RS_iters': 5000, 'sa_iters': 100, 'eps': 0.05, 'lr': 0.1, 'flag': 'SA'}, 'RME': {'N': 100}}",-7.7427913887
5,465,17.2887692284,"[6, 25, 7, 27, 12, 1, 14, 21, 16, 15]",RME,rep,10,30,10,0.9500000000000001,10000,500.3739776611,"{'APS': {'cooling_schedule': array([     1,     11,     21, ..., 999971, 999981, 999991])}, 'MCTS': {'RS_iters': 5000, 'mcts_iters': 100, 'eps': 0.05, 'lr': 0.1, 'flag': 'MCTS'}, 'SA': {'RS_iters': 5000, 'sa_iters': 100, 'eps': 0.05, 'lr': 0.1, 'flag': 'SA'}, 'RME': {'N': 100}}",-8.7112307716
5,480,18.3091856513,"[6, 9, 18, 4, 18, 6, 9, 4, 25, 26]",RME,rep,10,30,10,0.9500000000000001,10000,516.1836419106,"{'APS': {'cooling_schedule': array([     1,     11,     21, ..., 999971, 999981, 999991])}, 'MCTS': {'RS_iters': 5000, 'mcts_iters': 100, 'eps': 0.05, 'lr': 0.1, 'flag': 'MCTS'}, 'SA': {'RS_iters': 5000, 'sa_iters': 100, 'eps': 0.05, 'lr': 0.1, 'flag': 'SA'}, 'RME': {'N': 100}}",-7.6908143487
5,495,18.481311443,"[6, 6, 3, 3, 12, 14, 14, 19, 16, 0]",RME,rep,10,30,10,0.9500000000000001,10000,530.7040338516,"{'APS': {'cooling_schedule': array([     1,     11,     21, ..., 999971, 999981, 999991])}, 'MCTS': {'RS_iters': 5000, 'mcts_iters': 100, 'eps': 0.05, 'lr': 0.1, 'flag': 'MCTS'}, 'SA': {'RS_iters': 5000, 'sa_iters': 100, 'eps': 0.05, 'lr': 0.1, 'flag': 'SA'}, 'RME': {'N': 100}}",-7.518688557
5,510,18.1841779285,"[17, 6, 3, 19, 22, 12, 6, 4, 7, 24]",RME,rep,10,30,10,0.9500000000000001,10000,545.6233434677,"{'APS': {'cooling_schedule': array([     1,     11,     21, ..., 999971, 999981, 999991])}, 'MCTS': {'RS_iters': 5000, 'mcts_iters': 100, 'eps': 0.05, 'lr': 0.1, 'flag': 'MCTS'}, 'SA': {'RS_iters': 5000, 'sa_iters': 100, 'eps': 0.05, 'lr': 0.1, 'flag': 'SA'}, 'RME': {'N': 100}}",-7.8158220715
5,525,17.9898833359,"[2, 15, 7, 19, 25, 24, 9, 4, 22, 9]",RME,rep,10,30,10,0.9500000000000001,10000,562.0115659237,"{'APS': {'cooling_schedule': array([     1,     11,     21, ..., 999971, 999981, 999991])}, 'MCTS': {'RS_iters': 5000, 'mcts_iters': 100, 'eps': 0.05, 'lr': 0.1, 'flag': 'MCTS'}, 'SA': {'RS_iters': 5000, 'sa_iters': 100, 'eps': 0.05, 'lr': 0.1, 'flag': 'SA'}, 'RME': {'N': 100}}",-8.0101166641
5,540,17.7510911208,"[8, 7, 8, 19, 25, 24, 14, 21, 17, 4]",RME,rep,10,30,10,0.9500000000000001,10000,575.1383152008,"{'APS': {'cooling_schedule': array([     1,     11,     21, ..., 999971, 999981, 999991])}, 'MCTS': {'RS_iters': 5000, 'mcts_iters': 100, 'eps': 0.05, 'lr': 0.1, 'flag': 'MCTS'}, 'SA': {'RS_iters': 5000, 'sa_iters': 100, 'eps': 0.05, 'lr': 0.1, 'flag': 'SA'}, 'RME': {'N': 100}}",-8.2489088792
5,555,18.5034601864,"[19, 9, 3, 28, 29, 10, 15, 4, 10, 4]",RME,rep,10,30,10,0.9500000000000001,10000,590.4816155434,"{'APS': {'cooling_schedule': array([     1,     11,     21, ..., 999971, 999981, 999991])}, 'MCTS': {'RS_iters': 5000, 'mcts_iters': 100, 'eps': 0.05, 'lr': 0.1, 'flag': 'MCTS'}, 'SA': {'RS_iters': 5000, 'sa_iters': 100, 'eps': 0.05, 'lr': 0.1, 'flag': 'SA'}, 'RME': {'N': 100}}",-7.4965398136
5,570,17.8483804524,"[17, 5, 6, 28, 14, 24, 15, 2, 11, 28]",RME,rep,10,30,10,0.9500000000000001,10000,605.9434127808,"{'APS': {'cooling_schedule': array([     1,     11,     21, ..., 999971, 999981, 999991])}, 'MCTS': {'RS_iters': 5000, 'mcts_iters': 100, 'eps': 0.05, 'lr': 0.1, 'flag': 'MCTS'}, 'SA': {'RS_iters': 5000, 'sa_iters': 100, 'eps': 0.05, 'lr': 0.1, 'flag': 'SA'}, 'RME': {'N': 100}}",-8.1516195476
5,585,18.4237013408,"[0, 5, 19, 18, 13, 9, 16, 4, 11, 28]",RME,rep,10,30,10,0.9500000000000001,10000,621.1004238129,"{'APS': {'cooling_schedule': array([     1,     11,     21, ..., 999971, 999981, 999991])}, 'MCTS': {'RS_iters': 5000, 'mcts_iters': 100, 'eps': 0.05, 'lr': 0.1, 'flag': 'MCTS'}, 'SA': {'RS_iters': 5000, 'sa_iters': 100, 'eps': 0.05, 'lr': 0.1, 'flag': 'SA'}, 'RME': {'N': 100}}",-7.5762986592
5,600,18.3744034284,"[6, 27, 22, 9, 6, 22, 14, 6, 3, 28]",RME,rep,10,30,10,0.9500000000000001,10000,636.2866427898,"{'APS': {'cooling_schedule': array([     1,     11,     21, ..., 999971, 999981, 999991])}, 'MCTS': {'RS_iters': 5000, 'mcts_iters': 100, 'eps': 0.05, 'lr': 0.1, 'flag': 'MCTS'}, 'SA': {'RS_iters': 5000, 'sa_iters': 100, 'eps': 0.05, 'lr': 0.1, 'flag': 'SA'}, 'RME': {'N': 100}}",-7.6255965716
5,615,17.6914642249,"[13, 9, 23, 23, 12, 24, 16, 8, 0, 28]",RME,rep,10,30,10,0.9500000000000001,10000,650.6819243431,"{'APS': {'cooling_schedule': array([     1,     11,     21, ..., 999971, 999981, 999991])}, 'MCTS': {'RS_iters': 5000, 'mcts_iters': 100, 'eps': 0.05, 'lr': 0.1, 'flag': 'MCTS'}, 'SA': {'RS_iters': 5000, 'sa_iters': 100, 'eps': 0.05, 'lr': 0.1, 'flag': 'SA'}, 'RME': {'N': 100}}",-8.3085357751
5,630,18.6075068854,"[26, 8, 5, 10, 13, 5, 14, 4, 11, 14]",RME,rep,10,30,10,0.9500000000000001,10000,666.1281423569,"{'APS': {'cooling_schedule': array([     1,     11,     21, ..., 999971, 999981, 999991])}, 'MCTS': {'RS_iters': 5000, 'mcts_iters': 100, 'eps': 0.05, 'lr': 0.1, 'flag': 'MCTS'}, 'SA': {'RS_iters': 5000, 'sa_iters': 100, 'eps': 0.05, 'lr': 0.1, 'flag': 'SA'}, 'RME': {'N': 100}}",-7.3924931146
5,645,18.133755797,"[28, 4, 22, 19, 14, 28, 15, 4, 9, 28]",RME,rep,10,30,10,0.9500000000000001,10000,681.0757932663,"{'APS': {'cooling_schedule': array([     1,     11,     21, ..., 999971, 999981, 999991])}, 'MCTS': {'RS_iters': 5000, 'mcts_iters': 100, 'eps': 0.05, 'lr': 0.1, 'flag': 'MCTS'}, 'SA': {'RS_iters': 5000, 'sa_iters': 100, 'eps': 0.05, 'lr': 0.1, 'flag': 'SA'}, 'RME': {'N': 100}}",-7.866244203
5,660,17.5772572061,"[6, 2, 2, 4, 16, 24, 23, 4, 20, 4]",RME,rep,10,30,10,0.9500000000000001,10000,695.8124790192,"{'APS': {'cooling_schedule': array([     1,     11,     21, ..., 999971, 999981, 999991])}, 'MCTS': {'RS_iters': 5000, 'mcts_iters': 100, 'eps': 0.05, 'lr': 0.1, 'flag': 'MCTS'}, 'SA': {'RS_iters': 5000, 'sa_iters': 100, 'eps': 0.05, 'lr': 0.1, 'flag': 'SA'}, 'RME': {'N': 100}}",-8.4227427939
5,675,18.0342745646,"[4, 9, 18, 20, 19, 27, 10, 8, 11, 28]",RME,rep,10,30,10,0.9500000000000001,10000,711.9092206955,"{'APS': {'cooling_schedule': array([     1,     11,     21, ..., 999971, 999981, 999991])}, 'MCTS': {'RS_iters': 5000, 'mcts_iters': 100, 'eps': 0.05, 'lr': 0.1, 'flag': 'MCTS'}, 'SA': {'RS_iters': 5000, 'sa_iters': 100, 'eps': 0.05, 'lr': 0.1, 'flag': 'SA'}, 'RME': {'N': 100}}",-7.9657254353999996
5,690,17.4793191309,"[9, 23, 3, 5, 9, 22, 14, 29, 11, 15]",RME,rep,10,30,10,0.9500000000000001,10000,725.1401116848,"{'APS': {'cooling_schedule': array([     1,     11,     21, ..., 999971, 999981, 999991])}, 'MCTS': {'RS_iters': 5000, 'mcts_iters': 100, 'eps': 0.05, 'lr': 0.1, 'flag': 'MCTS'}, 'SA': {'RS_iters': 5000, 'sa_iters': 100, 'eps': 0.05, 'lr': 0.1, 'flag': 'SA'}, 'RME': {'N': 100}}",-8.5206808691
5,705,17.8067707921,"[6, 10, 15, 3, 22, 7, 14, 3, 11, 26]",RME,rep,10,30,10,0.9500000000000001,10000,740.6357145309,"{'APS': {'cooling_schedule': array([     1,     11,     21, ..., 999971, 999981, 999991])}, 'MCTS': {'RS_iters': 5000, 'mcts_iters': 100, 'eps': 0.05, 'lr': 0.1, 'flag': 'MCTS'}, 'SA': {'RS_iters': 5000, 'sa_iters': 100, 'eps': 0.05, 'lr': 0.1, 'flag': 'SA'}, 'RME': {'N': 100}}",-8.1932292079
5,720,17.5156830196,"[7, 9, 23, 19, 22, 10, 16, 13, 5, 26]",RME,rep,10,30,10,0.9500000000000001,10000,756.1736290455,"{'APS': {'cooling_schedule': array([     1,     11,     21, ..., 999971, 999981, 999991])}, 'MCTS': {'RS_iters': 5000, 'mcts_iters': 100, 'eps': 0.05, 'lr': 0.1, 'flag': 'MCTS'}, 'SA': {'RS_iters': 5000, 'sa_iters': 100, 'eps': 0.05, 'lr': 0.1, 'flag': 'SA'}, 'RME': {'N': 100}}",-8.4843169804
5,735,18.173758305,"[2, 9, 24, 19, 20, 29, 14, 8, 28, 24]",RME,rep,10,30,10,0.9500000000000001,10000,770.8419399261,"{'APS': {'cooling_schedule': array([     1,     11,     21, ..., 999971, 999981, 999991])}, 'MCTS': {'RS_iters': 5000, 'mcts_iters': 100, 'eps': 0.05, 'lr': 0.1, 'flag': 'MCTS'}, 'SA': {'RS_iters': 5000, 'sa_iters': 100, 'eps': 0.05, 'lr': 0.1, 'flag': 'SA'}, 'RME': {'N': 100}}",-7.826241695
5,750,17.6599732066,"[6, 7, 16, 3, 2, 28, 14, 18, 21, 28]",RME,rep,10,30,10,0.9500000000000001,10000,786.2110536098,"{'APS': {'cooling_schedule': array([     1,     11,     21, ..., 999971, 999981, 999991])}, 'MCTS': {'RS_iters': 5000, 'mcts_iters': 100, 'eps': 0.05, 'lr': 0.1, 'flag': 'MCTS'}, 'SA': {'RS_iters': 5000, 'sa_iters': 100, 'eps': 0.05, 'lr': 0.1, 'flag': 'SA'}, 'RME': {'N': 100}}",-8.3400267934
5,765,18.2439906159,"[6, 0, 22, 19, 22, 3, 4, 21, 11, 15]",RME,rep,10,30,10,0.9500000000000001,10000,801.0903697014,"{'APS': {'cooling_schedule': array([     1,     11,     21, ..., 999971, 999981, 999991])}, 'MCTS': {'RS_iters': 5000, 'mcts_iters': 100, 'eps': 0.05, 'lr': 0.1, 'flag': 'MCTS'}, 'SA': {'RS_iters': 5000, 'sa_iters': 100, 'eps': 0.05, 'lr': 0.1, 'flag': 'SA'}, 'RME': {'N': 100}}",-7.7560093841
5,780,18.08146834,"[15, 9, 14, 13, 12, 29, 14, 11, 26, 28]",RME,rep,10,30,10,0.9500000000000001,10000,815.6873557568,"{'APS': {'cooling_schedule': array([     1,     11,     21, ..., 999971, 999981, 999991])}, 'MCTS': {'RS_iters': 5000, 'mcts_iters': 100, 'eps': 0.05, 'lr': 0.1, 'flag': 'MCTS'}, 'SA': {'RS_iters': 5000, 'sa_iters': 100, 'eps': 0.05, 'lr': 0.1, 'flag': 'SA'}, 'RME': {'N': 100}}",-7.91853166
5,795,18.9143526658,"[18, 27, 3, 16, 20, 20, 22, 4, 11, 28]",RME,rep,10,30,10,0.9500000000000001,10000,830.8638648987,"{'APS': {'cooling_schedule': array([     1,     11,     21, ..., 999971, 999981, 999991])}, 'MCTS': {'RS_iters': 5000, 'mcts_iters': 100, 'eps': 0.05, 'lr': 0.1, 'flag': 'MCTS'}, 'SA': {'RS_iters': 5000, 'sa_iters': 100, 'eps': 0.05, 'lr': 0.1, 'flag': 'SA'}, 'RME': {'N': 100}}",-7.0856473342
5,810,18.0287917579,"[5, 9, 9, 24, 20, 3, 22, 21, 11, 28]",RME,rep,10,30,10,0.9500000000000001,10000,845.6216073036,"{'APS': {'cooling_schedule': array([     1,     11,     21, ..., 999971, 999981, 999991])}, 'MCTS': {'RS_iters': 5000, 'mcts_iters': 100, 'eps': 0.05, 'lr': 0.1, 'flag': 'MCTS'}, 'SA': {'RS_iters': 5000, 'sa_iters': 100, 'eps': 0.05, 'lr': 0.1, 'flag': 'SA'}, 'RME': {'N': 100}}",-7.9712082421
5,825,17.6060299734,"[8, 9, 23, 4, 12, 17, 18, 25, 27, 28]",RME,rep,10,30,10,0.9500000000000001,10000,862.0632402897,"{'APS': {'cooling_schedule': array([     1,     11,     21, ..., 999971, 999981, 999991])}, 'MCTS': {'RS_iters': 5000, 'mcts_iters': 100, 'eps': 0.05, 'lr': 0.1, 'flag': 'MCTS'}, 'SA': {'RS_iters': 5000, 'sa_iters': 100, 'eps': 0.05, 'lr': 0.1, 'flag': 'SA'}, 'RME': {'N': 100}}",-8.3939700266
5,840,17.3674013248,"[18, 26, 22, 19, 12, 25, 26, 0, 11, 14]",RME,rep,10,30,10,0.9500000000000001,10000,874.8666222095,"{'APS': {'cooling_schedule': array([     1,     11,     21, ..., 999971, 999981, 999991])}, 'MCTS': {'RS_iters': 5000, 'mcts_iters': 100, 'eps': 0.05, 'lr': 0.1, 'flag': 'MCTS'}, 'SA': {'RS_iters': 5000, 'sa_iters': 100, 'eps': 0.05, 'lr': 0.1, 'flag': 'SA'}, 'RME': {'N': 100}}",-8.6325986752
5,855,18.3274374261,"[13, 29, 3, 19, 12, 14, 14, 18, 24, 16]",RME,rep,10,30,10,0.9500000000000001,10000,890.7256577015,"{'APS': {'cooling_schedule': array([     1,     11,     21, ..., 999971, 999981, 999991])}, 'MCTS': {'RS_iters': 5000, 'mcts_iters': 100, 'eps': 0.05, 'lr': 0.1, 'flag': 'MCTS'}, 'SA': {'RS_iters': 5000, 'sa_iters': 100, 'eps': 0.05, 'lr': 0.1, 'flag': 'SA'}, 'RME': {'N': 100}}",-7.6725625739000005
5,870,18.1466323741,"[6, 27, 3, 17, 29, 25, 13, 10, 3, 28]",RME,rep,10,30,10,0.9500000000000001,10000,906.1794323921,"{'APS': {'cooling_schedule': array([     1,     11,     21, ..., 999971, 999981, 999991])}, 'MCTS': {'RS_iters': 5000, 'mcts_iters': 100, 'eps': 0.05, 'lr': 0.1, 'flag': 'MCTS'}, 'SA': {'RS_iters': 5000, 'sa_iters': 100, 'eps': 0.05, 'lr': 0.1, 'flag': 'SA'}, 'RME': {'N': 100}}",-7.8533676259
5,885,17.931713276700002,"[6, 5, 15, 25, 12, 28, 14, 25, 11, 6]",RME,rep,10,30,10,0.9500000000000001,10000,921.1634936333,"{'APS': {'cooling_schedule': array([     1,     11,     21, ..., 999971, 999981, 999991])}, 'MCTS': {'RS_iters': 5000, 'mcts_iters': 100, 'eps': 0.05, 'lr': 0.1, 'flag': 'MCTS'}, 'SA': {'RS_iters': 5000, 'sa_iters': 100, 'eps': 0.05, 'lr': 0.1, 'flag': 'SA'}, 'RME': {'N': 100}}",-8.0682867233
5,900,19.5869125904,"[6, 19, 19, 19, 14, 10, 10, 4, 11, 2]",RME,rep,10,30,10,0.9500000000000001,10000,936.0200612545,"{'APS': {'cooling_schedule': array([     1,     11,     21, ..., 999971, 999981, 999991])}, 'MCTS': {'RS_iters': 5000, 'mcts_iters': 100, 'eps': 0.05, 'lr': 0.1, 'flag': 'MCTS'}, 'SA': {'RS_iters': 5000, 'sa_iters': 100, 'eps': 0.05, 'lr': 0.1, 'flag': 'SA'}, 'RME': {'N': 100}}",-6.4130874096
5,915,18.1653850122,"[29, 8, 15, 19, 25, 9, 14, 24, 27, 28]",RME,rep,10,30,10,0.9500000000000001,10000,950.8240089417,"{'APS': {'cooling_schedule': array([     1,     11,     21, ..., 999971, 999981, 999991])}, 'MCTS': {'RS_iters': 5000, 'mcts_iters': 100, 'eps': 0.05, 'lr': 0.1, 'flag': 'MCTS'}, 'SA': {'RS_iters': 5000, 'sa_iters': 100, 'eps': 0.05, 'lr': 0.1, 'flag': 'SA'}, 'RME': {'N': 100}}",-7.8346149878
5,930,18.5383731873,"[6, 9, 7, 4, 13, 3, 12, 4, 15, 14]",RME,rep,10,30,10,0.9500000000000001,10000,965.8566598892,"{'APS': {'cooling_schedule': array([     1,     11,     21, ..., 999971, 999981, 999991])}, 'MCTS': {'RS_iters': 5000, 'mcts_iters': 100, 'eps': 0.05, 'lr': 0.1, 'flag': 'MCTS'}, 'SA': {'RS_iters': 5000, 'sa_iters': 100, 'eps': 0.05, 'lr': 0.1, 'flag': 'SA'}, 'RME': {'N': 100}}",-7.4616268127
5,945,17.7935685481,"[6, 26, 25, 6, 7, 0, 27, 4, 11, 19]",RME,rep,10,30,10,0.9500000000000001,10000,980.4966535568,"{'APS': {'cooling_schedule': array([     1,     11,     21, ..., 999971, 999981, 999991])}, 'MCTS': {'RS_iters': 5000, 'mcts_iters': 100, 'eps': 0.05, 'lr': 0.1, 'flag': 'MCTS'}, 'SA': {'RS_iters': 5000, 'sa_iters': 100, 'eps': 0.05, 'lr': 0.1, 'flag': 'SA'}, 'RME': {'N': 100}}",-8.2064314519
5,960,17.7702690598,"[14, 4, 18, 13, 25, 19, 14, 4, 8, 28]",RME,rep,10,30,10,0.9500000000000001,10000,995.6052360535,"{'APS': {'cooling_schedule': array([     1,     11,     21, ..., 999971, 999981, 999991])}, 'MCTS': {'RS_iters': 5000, 'mcts_iters': 100, 'eps': 0.05, 'lr': 0.1, 'flag': 'MCTS'}, 'SA': {'RS_iters': 5000, 'sa_iters': 100, 'eps': 0.05, 'lr': 0.1, 'flag': 'SA'}, 'RME': {'N': 100}}",-8.2297309402
5,975,18.3244528164,"[22, 9, 6, 1, 29, 26, 14, 0, 7, 28]",RME,rep,10,30,10,0.9500000000000001,10000,1011.8398730755,"{'APS': {'cooling_schedule': array([     1,     11,     21, ..., 999971, 999981, 999991])}, 'MCTS': {'RS_iters': 5000, 'mcts_iters': 100, 'eps': 0.05, 'lr': 0.1, 'flag': 'MCTS'}, 'SA': {'RS_iters': 5000, 'sa_iters': 100, 'eps': 0.05, 'lr': 0.1, 'flag': 'SA'}, 'RME': {'N': 100}}",-7.6755471836
5,990,18.0450611061,"[26, 9, 16, 20, 24, 22, 14, 15, 11, 15]",RME,rep,10,30,10,0.9500000000000001,10000,1024.959372282,"{'APS': {'cooling_schedule': array([     1,     11,     21, ..., 999971, 999981, 999991])}, 'MCTS': {'RS_iters': 5000, 'mcts_iters': 100, 'eps': 0.05, 'lr': 0.1, 'flag': 'MCTS'}, 'SA': {'RS_iters': 5000, 'sa_iters': 100, 'eps': 0.05, 'lr': 0.1, 'flag': 'SA'}, 'RME': {'N': 100}}",-7.9549388939
5,1005,17.8341147862,"[28, 9, 13, 19, 9, 18, 14, 6, 14, 19]",RME,rep,10,30,10,0.9500000000000001,10000,1040.4188556671,"{'APS': {'cooling_schedule': array([     1,     11,     21, ..., 999971, 999981, 999991])}, 'MCTS': {'RS_iters': 5000, 'mcts_iters': 100, 'eps': 0.05, 'lr': 0.1, 'flag': 'MCTS'}, 'SA': {'RS_iters': 5000, 'sa_iters': 100, 'eps': 0.05, 'lr': 0.1, 'flag': 'SA'}, 'RME': {'N': 100}}",-8.1658852138
5,1020,18.4080068345,"[6, 16, 24, 4, 29, 26, 14, 3, 13, 28]",RME,rep,10,30,10,0.9500000000000001,10000,1056.1663229465,"{'APS': {'cooling_schedule': array([     1,     11,     21, ..., 999971, 999981, 999991])}, 'MCTS': {'RS_iters': 5000, 'mcts_iters': 100, 'eps': 0.05, 'lr': 0.1, 'flag': 'MCTS'}, 'SA': {'RS_iters': 5000, 'sa_iters': 100, 'eps': 0.05, 'lr': 0.1, 'flag': 'SA'}, 'RME': {'N': 100}}",-7.5919931655
5,1035,19.4955050503,"[6, 4, 3, 19, 28, 25, 14, 4, 15, 10]",RME,rep,10,30,10,0.9500000000000001,10000,1071.0048692226,"{'APS': {'cooling_schedule': array([     1,     11,     21, ..., 999971, 999981, 999991])}, 'MCTS': {'RS_iters': 5000, 'mcts_iters': 100, 'eps': 0.05, 'lr': 0.1, 'flag': 'MCTS'}, 'SA': {'RS_iters': 5000, 'sa_iters': 100, 'eps': 0.05, 'lr': 0.1, 'flag': 'SA'}, 'RME': {'N': 100}}",-6.5044949497
5,1050,18.474843211,"[6, 18, 12, 8, 25, 10, 14, 13, 5, 28]",RME,rep,10,30,10,0.9500000000000001,10000,1086.1197257042,"{'APS': {'cooling_schedule': array([     1,     11,     21, ..., 999971, 999981, 999991])}, 'MCTS': {'RS_iters': 5000, 'mcts_iters': 100, 'eps': 0.05, 'lr': 0.1, 'flag': 'MCTS'}, 'SA': {'RS_iters': 5000, 'sa_iters': 100, 'eps': 0.05, 'lr': 0.1, 'flag': 'SA'}, 'RME': {'N': 100}}",-7.525156789
5,1065,18.4021290968,"[6, 7, 13, 1, 22, 19, 11, 4, 1, 28]",RME,rep,10,30,10,0.9500000000000001,10000,1100.716476202,"{'APS': {'cooling_schedule': array([     1,     11,     21, ..., 999971, 999981, 999991])}, 'MCTS': {'RS_iters': 5000, 'mcts_iters': 100, 'eps': 0.05, 'lr': 0.1, 'flag': 'MCTS'}, 'SA': {'RS_iters': 5000, 'sa_iters': 100, 'eps': 0.05, 'lr': 0.1, 'flag': 'SA'}, 'RME': {'N': 100}}",-7.5978709032000005
5,1080,17.9218919957,"[24, 21, 12, 0, 29, 28, 14, 7, 11, 28]",RME,rep,10,30,10,0.9500000000000001,10000,1116.0755901337,"{'APS': {'cooling_schedule': array([     1,     11,     21, ..., 999971, 999981, 999991])}, 'MCTS': {'RS_iters': 5000, 'mcts_iters': 100, 'eps': 0.05, 'lr': 0.1, 'flag': 'MCTS'}, 'SA': {'RS_iters': 5000, 'sa_iters': 100, 'eps': 0.05, 'lr': 0.1, 'flag': 'SA'}, 'RME': {'N': 100}}",-8.0781080043
5,1095,18.4296078846,"[6, 19, 0, 21, 5, 25, 14, 4, 15, 28]",RME,rep,10,30,10,0.9500000000000001,10000,1131.0939536095,"{'APS': {'cooling_schedule': array([     1,     11,     21, ..., 999971, 999981, 999991])}, 'MCTS': {'RS_iters': 5000, 'mcts_iters': 100, 'eps': 0.05, 'lr': 0.1, 'flag': 'MCTS'}, 'SA': {'RS_iters': 5000, 'sa_iters': 100, 'eps': 0.05, 'lr': 0.1, 'flag': 'SA'}, 'RME': {'N': 100}}",-7.5703921154
5,1110,18.3452149627,"[17, 1, 27, 24, 12, 4, 14, 15, 11, 28]",RME,rep,10,30,10,0.9500000000000001,10000,1145.3497104645,"{'APS': {'cooling_schedule': array([     1,     11,     21, ..., 999971, 999981, 999991])}, 'MCTS': {'RS_iters': 5000, 'mcts_iters': 100, 'eps': 0.05, 'lr': 0.1, 'flag': 'MCTS'}, 'SA': {'RS_iters': 5000, 'sa_iters': 100, 'eps': 0.05, 'lr': 0.1, 'flag': 'SA'}, 'RME': {'N': 100}}",-7.6547850373
5,1125,18.0324213144,"[6, 7, 8, 19, 24, 17, 10, 27, 11, 3]",RME,rep,10,30,10,0.9500000000000001,10000,1161.7525522709,"{'APS': {'cooling_schedule': array([     1,     11,     21, ..., 999971, 999981, 999991])}, 'MCTS': {'RS_iters': 5000, 'mcts_iters': 100, 'eps': 0.05, 'lr': 0.1, 'flag': 'MCTS'}, 'SA': {'RS_iters': 5000, 'sa_iters': 100, 'eps': 0.05, 'lr': 0.1, 'flag': 'SA'}, 'RME': {'N': 100}}",-7.9675786856
5,1140,18.1957447302,"[23, 2, 0, 19, 20, 9, 14, 4, 6, 26]",RME,rep,10,30,10,0.9500000000000001,10000,1175.1679162979,"{'APS': {'cooling_schedule': array([     1,     11,     21, ..., 999971, 999981, 999991])}, 'MCTS': {'RS_iters': 5000, 'mcts_iters': 100, 'eps': 0.05, 'lr': 0.1, 'flag': 'MCTS'}, 'SA': {'RS_iters': 5000, 'sa_iters': 100, 'eps': 0.05, 'lr': 0.1, 'flag': 'SA'}, 'RME': {'N': 100}}",-7.8042552698000005
5,1155,18.2812073521,"[6, 3, 11, 1, 12, 8, 14, 4, 3, 6]",RME,rep,10,30,10,0.9500000000000001,10000,1190.0746510029,"{'APS': {'cooling_schedule': array([     1,     11,     21, ..., 999971, 999981, 999991])}, 'MCTS': {'RS_iters': 5000, 'mcts_iters': 100, 'eps': 0.05, 'lr': 0.1, 'flag': 'MCTS'}, 'SA': {'RS_iters': 5000, 'sa_iters': 100, 'eps': 0.05, 'lr': 0.1, 'flag': 'SA'}, 'RME': {'N': 100}}",-7.7187926479
5,1170,18.2865949574,"[4, 9, 3, 10, 12, 15, 6, 6, 11, 26]",RME,rep,10,30,10,0.9500000000000001,10000,1205.6003687382,"{'APS': {'cooling_schedule': array([     1,     11,     21, ..., 999971, 999981, 999991])}, 'MCTS': {'RS_iters': 5000, 'mcts_iters': 100, 'eps': 0.05, 'lr': 0.1, 'flag': 'MCTS'}, 'SA': {'RS_iters': 5000, 'sa_iters': 100, 'eps': 0.05, 'lr': 0.1, 'flag': 'SA'}, 'RME': {'N': 100}}",-7.7134050426
5,1185,18.357240923,"[6, 5, 3, 19, 13, 0, 25, 13, 5, 23]",RME,rep,10,30,10,0.9500000000000001,10000,1221.1202881336,"{'APS': {'cooling_schedule': array([     1,     11,     21, ..., 999971, 999981, 999991])}, 'MCTS': {'RS_iters': 5000, 'mcts_iters': 100, 'eps': 0.05, 'lr': 0.1, 'flag': 'MCTS'}, 'SA': {'RS_iters': 5000, 'sa_iters': 100, 'eps': 0.05, 'lr': 0.1, 'flag': 'SA'}, 'RME': {'N': 100}}",-7.642759077
5,1200,18.5249199253,"[6, 14, 13, 4, 12, 18, 22, 4, 22, 28]",RME,rep,10,30,10,0.9500000000000001,10000,1236.235291481,"{'APS': {'cooling_schedule': array([     1,     11,     21, ..., 999971, 999981, 999991])}, 'MCTS': {'RS_iters': 5000, 'mcts_iters': 100, 'eps': 0.05, 'lr': 0.1, 'flag': 'MCTS'}, 'SA': {'RS_iters': 5000, 'sa_iters': 100, 'eps': 0.05, 'lr': 0.1, 'flag': 'SA'}, 'RME': {'N': 100}}",-7.4750800747
6,15,16.2009477205,"[27, 12, 14, 19, 25, 1, 15, 28, 13, 23]",RME,rep,10,30,10,0.9500000000000001,10000,51.0141193867,"{'APS': {'cooling_schedule': array([     1,     11,     21, ..., 999971, 999981, 999991])}, 'MCTS': {'RS_iters': 5000, 'mcts_iters': 100, 'eps': 0.05, 'lr': 0.1, 'flag': 'MCTS'}, 'SA': {'RS_iters': 5000, 'sa_iters': 100, 'eps': 0.05, 'lr': 0.1, 'flag': 'SA'}, 'RME': {'N': 100}}",-9.7990522795
6,30,16.1227132357,"[6, 13, 5, 12, 22, 5, 19, 6, 3, 12]",RME,rep,10,30,10,0.9500000000000001,10000,65.5289297104,"{'APS': {'cooling_schedule': array([     1,     11,     21, ..., 999971, 999981, 999991])}, 'MCTS': {'RS_iters': 5000, 'mcts_iters': 100, 'eps': 0.05, 'lr': 0.1, 'flag': 'MCTS'}, 'SA': {'RS_iters': 5000, 'sa_iters': 100, 'eps': 0.05, 'lr': 0.1, 'flag': 'SA'}, 'RME': {'N': 100}}",-9.8772867643
6,45,16.5964170694,"[17, 9, 17, 20, 6, 10, 8, 1, 1, 24]",RME,rep,10,30,10,0.9500000000000001,10000,80.7588255405,"{'APS': {'cooling_schedule': array([     1,     11,     21, ..., 999971, 999981, 999991])}, 'MCTS': {'RS_iters': 5000, 'mcts_iters': 100, 'eps': 0.05, 'lr': 0.1, 'flag': 'MCTS'}, 'SA': {'RS_iters': 5000, 'sa_iters': 100, 'eps': 0.05, 'lr': 0.1, 'flag': 'SA'}, 'RME': {'N': 100}}",-9.4035829306
6,60,17.3019202241,"[3, 10, 22, 19, 20, 18, 6, 5, 11, 26]",RME,rep,10,30,10,0.9500000000000001,10000,95.8450973034,"{'APS': {'cooling_schedule': array([     1,     11,     21, ..., 999971, 999981, 999991])}, 'MCTS': {'RS_iters': 5000, 'mcts_iters': 100, 'eps': 0.05, 'lr': 0.1, 'flag': 'MCTS'}, 'SA': {'RS_iters': 5000, 'sa_iters': 100, 'eps': 0.05, 'lr': 0.1, 'flag': 'SA'}, 'RME': {'N': 100}}",-8.6980797759
6,75,16.5306918992,"[19, 8, 3, 10, 15, 22, 14, 0, 18, 24]",RME,rep,10,30,10,0.9500000000000001,10000,110.3653268814,"{'APS': {'cooling_schedule': array([     1,     11,     21, ..., 999971, 999981, 999991])}, 'MCTS': {'RS_iters': 5000, 'mcts_iters': 100, 'eps': 0.05, 'lr': 0.1, 'flag': 'MCTS'}, 'SA': {'RS_iters': 5000, 'sa_iters': 100, 'eps': 0.05, 'lr': 0.1, 'flag': 'SA'}, 'RME': {'N': 100}}",-9.4693081008
6,90,17.0831127902,"[28, 9, 19, 22, 9, 24, 25, 20, 29, 28]",RME,rep,10,30,10,0.9500000000000001,10000,125.9235348701,"{'APS': {'cooling_schedule': array([     1,     11,     21, ..., 999971, 999981, 999991])}, 'MCTS': {'RS_iters': 5000, 'mcts_iters': 100, 'eps': 0.05, 'lr': 0.1, 'flag': 'MCTS'}, 'SA': {'RS_iters': 5000, 'sa_iters': 100, 'eps': 0.05, 'lr': 0.1, 'flag': 'SA'}, 'RME': {'N': 100}}",-8.9168872098
6,105,16.8630664173,"[28, 18, 29, 19, 7, 29, 20, 6, 14, 28]",RME,rep,10,30,10,0.9500000000000001,10000,140.5956130028,"{'APS': {'cooling_schedule': array([     1,     11,     21, ..., 999971, 999981, 999991])}, 'MCTS': {'RS_iters': 5000, 'mcts_iters': 100, 'eps': 0.05, 'lr': 0.1, 'flag': 'MCTS'}, 'SA': {'RS_iters': 5000, 'sa_iters': 100, 'eps': 0.05, 'lr': 0.1, 'flag': 'SA'}, 'RME': {'N': 100}}",-9.1369335827
6,120,17.5551332601,"[0, 21, 18, 4, 6, 1, 13, 22, 11, 28]",RME,rep,10,30,10,0.9500000000000001,10000,155.6730163097,"{'APS': {'cooling_schedule': array([     1,     11,     21, ..., 999971, 999981, 999991])}, 'MCTS': {'RS_iters': 5000, 'mcts_iters': 100, 'eps': 0.05, 'lr': 0.1, 'flag': 'MCTS'}, 'SA': {'RS_iters': 5000, 'sa_iters': 100, 'eps': 0.05, 'lr': 0.1, 'flag': 'SA'}, 'RME': {'N': 100}}",-8.4448667399
6,135,17.2040872802,"[22, 11, 24, 19, 13, 13, 8, 4, 23, 10]",RME,rep,10,30,10,0.9500000000000001,10000,171.3575930595,"{'APS': {'cooling_schedule': array([     1,     11,     21, ..., 999971, 999981, 999991])}, 'MCTS': {'RS_iters': 5000, 'mcts_iters': 100, 'eps': 0.05, 'lr': 0.1, 'flag': 'MCTS'}, 'SA': {'RS_iters': 5000, 'sa_iters': 100, 'eps': 0.05, 'lr': 0.1, 'flag': 'SA'}, 'RME': {'N': 100}}",-8.7959127198
6,150,18.1126448951,"[6, 6, 8, 3, 20, 21, 14, 12, 14, 28]",RME,rep,10,30,10,0.9500000000000001,10000,185.5463213921,"{'APS': {'cooling_schedule': array([     1,     11,     21, ..., 999971, 999981, 999991])}, 'MCTS': {'RS_iters': 5000, 'mcts_iters': 100, 'eps': 0.05, 'lr': 0.1, 'flag': 'MCTS'}, 'SA': {'RS_iters': 5000, 'sa_iters': 100, 'eps': 0.05, 'lr': 0.1, 'flag': 'SA'}, 'RME': {'N': 100}}",-7.8873551049
6,165,19.3576034575,"[0, 9, 9, 19, 3, 12, 21, 4, 11, 28]",RME,rep,10,30,10,0.9500000000000001,10000,200.9166579247,"{'APS': {'cooling_schedule': array([     1,     11,     21, ..., 999971, 999981, 999991])}, 'MCTS': {'RS_iters': 5000, 'mcts_iters': 100, 'eps': 0.05, 'lr': 0.1, 'flag': 'MCTS'}, 'SA': {'RS_iters': 5000, 'sa_iters': 100, 'eps': 0.05, 'lr': 0.1, 'flag': 'SA'}, 'RME': {'N': 100}}",-6.6423965425
6,180,17.3528459977,"[26, 7, 6, 9, 14, 1, 17, 4, 11, 9]",RME,rep,10,30,10,0.9500000000000001,10000,215.59856987,"{'APS': {'cooling_schedule': array([     1,     11,     21, ..., 999971, 999981, 999991])}, 'MCTS': {'RS_iters': 5000, 'mcts_iters': 100, 'eps': 0.05, 'lr': 0.1, 'flag': 'MCTS'}, 'SA': {'RS_iters': 5000, 'sa_iters': 100, 'eps': 0.05, 'lr': 0.1, 'flag': 'SA'}, 'RME': {'N': 100}}",-8.6471540023
6,195,18.0343415224,"[6, 11, 4, 19, 22, 24, 4, 29, 0, 5]",RME,rep,10,30,10,0.9500000000000001,10000,231.942163229,"{'APS': {'cooling_schedule': array([     1,     11,     21, ..., 999971, 999981, 999991])}, 'MCTS': {'RS_iters': 5000, 'mcts_iters': 100, 'eps': 0.05, 'lr': 0.1, 'flag': 'MCTS'}, 'SA': {'RS_iters': 5000, 'sa_iters': 100, 'eps': 0.05, 'lr': 0.1, 'flag': 'SA'}, 'RME': {'N': 100}}",-7.9656584776
6,210,18.3115312677,"[29, 3, 3, 28, 20, 27, 14, 4, 2, 10]",RME,rep,10,30,10,0.9500000000000001,10000,246.1750102043,"{'APS': {'cooling_schedule': array([     1,     11,     21, ..., 999971, 999981, 999991])}, 'MCTS': {'RS_iters': 5000, 'mcts_iters': 100, 'eps': 0.05, 'lr': 0.1, 'flag': 'MCTS'}, 'SA': {'RS_iters': 5000, 'sa_iters': 100, 'eps': 0.05, 'lr': 0.1, 'flag': 'SA'}, 'RME': {'N': 100}}",-7.6884687323000005
6,225,17.343813598,"[9, 20, 11, 19, 13, 0, 23, 4, 15, 26]",RME,rep,10,30,10,0.9500000000000001,10000,260.4780805111,"{'APS': {'cooling_schedule': array([     1,     11,     21, ..., 999971, 999981, 999991])}, 'MCTS': {'RS_iters': 5000, 'mcts_iters': 100, 'eps': 0.05, 'lr': 0.1, 'flag': 'MCTS'}, 'SA': {'RS_iters': 5000, 'sa_iters': 100, 'eps': 0.05, 'lr': 0.1, 'flag': 'SA'}, 'RME': {'N': 100}}",-8.656186402
6,240,17.5168927245,"[28, 9, 8, 19, 18, 24, 29, 14, 15, 25]",RME,rep,10,30,10,0.9500000000000001,10000,275.7626512051,"{'APS': {'cooling_schedule': array([     1,     11,     21, ..., 999971, 999981, 999991])}, 'MCTS': {'RS_iters': 5000, 'mcts_iters': 100, 'eps': 0.05, 'lr': 0.1, 'flag': 'MCTS'}, 'SA': {'RS_iters': 5000, 'sa_iters': 100, 'eps': 0.05, 'lr': 0.1, 'flag': 'SA'}, 'RME': {'N': 100}}",-8.4831072755
6,255,18.5009680327,"[2, 9, 3, 26, 14, 24, 29, 28, 11, 29]",RME,rep,10,30,10,0.9500000000000001,10000,290.4225645065,"{'APS': {'cooling_schedule': array([     1,     11,     21, ..., 999971, 999981, 999991])}, 'MCTS': {'RS_iters': 5000, 'mcts_iters': 100, 'eps': 0.05, 'lr': 0.1, 'flag': 'MCTS'}, 'SA': {'RS_iters': 5000, 'sa_iters': 100, 'eps': 0.05, 'lr': 0.1, 'flag': 'SA'}, 'RME': {'N': 100}}",-7.4990319673
6,270,18.4898365088,"[18, 26, 3, 21, 13, 18, 14, 29, 20, 28]",RME,rep,10,30,10,0.9500000000000001,10000,305.4474301338,"{'APS': {'cooling_schedule': array([     1,     11,     21, ..., 999971, 999981, 999991])}, 'MCTS': {'RS_iters': 5000, 'mcts_iters': 100, 'eps': 0.05, 'lr': 0.1, 'flag': 'MCTS'}, 'SA': {'RS_iters': 5000, 'sa_iters': 100, 'eps': 0.05, 'lr': 0.1, 'flag': 'SA'}, 'RME': {'N': 100}}",-7.5101634912
6,285,17.356723641,"[25, 15, 2, 19, 20, 20, 29, 4, 9, 24]",RME,rep,10,30,10,0.9500000000000001,10000,322.0334246159,"{'APS': {'cooling_schedule': array([     1,     11,     21, ..., 999971, 999981, 999991])}, 'MCTS': {'RS_iters': 5000, 'mcts_iters': 100, 'eps': 0.05, 'lr': 0.1, 'flag': 'MCTS'}, 'SA': {'RS_iters': 5000, 'sa_iters': 100, 'eps': 0.05, 'lr': 0.1, 'flag': 'SA'}, 'RME': {'N': 100}}",-8.643276359
6,300,17.8733525733,"[29, 9, 18, 28, 22, 24, 18, 4, 10, 26]",RME,rep,10,30,10,0.9500000000000001,10000,335.6404664516,"{'APS': {'cooling_schedule': array([     1,     11,     21, ..., 999971, 999981, 999991])}, 'MCTS': {'RS_iters': 5000, 'mcts_iters': 100, 'eps': 0.05, 'lr': 0.1, 'flag': 'MCTS'}, 'SA': {'RS_iters': 5000, 'sa_iters': 100, 'eps': 0.05, 'lr': 0.1, 'flag': 'SA'}, 'RME': {'N': 100}}",-8.1266474267
6,315,18.2503432625,"[6, 19, 3, 19, 12, 15, 16, 18, 21, 0]",RME,rep,10,30,10,0.9500000000000001,10000,351.3564479351,"{'APS': {'cooling_schedule': array([     1,     11,     21, ..., 999971, 999981, 999991])}, 'MCTS': {'RS_iters': 5000, 'mcts_iters': 100, 'eps': 0.05, 'lr': 0.1, 'flag': 'MCTS'}, 'SA': {'RS_iters': 5000, 'sa_iters': 100, 'eps': 0.05, 'lr': 0.1, 'flag': 'SA'}, 'RME': {'N': 100}}",-7.7496567375000005
6,330,17.3551586057,"[18, 9, 11, 3, 18, 14, 14, 27, 27, 14]",RME,rep,10,30,10,0.9500000000000001,10000,366.1290736198,"{'APS': {'cooling_schedule': array([     1,     11,     21, ..., 999971, 999981, 999991])}, 'MCTS': {'RS_iters': 5000, 'mcts_iters': 100, 'eps': 0.05, 'lr': 0.1, 'flag': 'MCTS'}, 'SA': {'RS_iters': 5000, 'sa_iters': 100, 'eps': 0.05, 'lr': 0.1, 'flag': 'SA'}, 'RME': {'N': 100}}",-8.6448413943
6,345,17.1678272399,"[16, 3, 3, 3, 16, 18, 3, 4, 2, 22]",RME,rep,10,30,10,0.9500000000000001,10000,380.9587624073,"{'APS': {'cooling_schedule': array([     1,     11,     21, ..., 999971, 999981, 999991])}, 'MCTS': {'RS_iters': 5000, 'mcts_iters': 100, 'eps': 0.05, 'lr': 0.1, 'flag': 'MCTS'}, 'SA': {'RS_iters': 5000, 'sa_iters': 100, 'eps': 0.05, 'lr': 0.1, 'flag': 'SA'}, 'RME': {'N': 100}}",-8.8321727601
6,360,18.0091996137,"[6, 28, 3, 4, 16, 25, 4, 4, 25, 17]",RME,rep,10,30,10,0.9500000000000001,10000,396.0506236553,"{'APS': {'cooling_schedule': array([     1,     11,     21, ..., 999971, 999981, 999991])}, 'MCTS': {'RS_iters': 5000, 'mcts_iters': 100, 'eps': 0.05, 'lr': 0.1, 'flag': 'MCTS'}, 'SA': {'RS_iters': 5000, 'sa_iters': 100, 'eps': 0.05, 'lr': 0.1, 'flag': 'SA'}, 'RME': {'N': 100}}",-7.9908003863
6,375,17.3756968327,"[14, 9, 3, 20, 29, 9, 8, 7, 16, 23]",RME,rep,10,30,10,0.9500000000000001,10000,410.1603229046,"{'APS': {'cooling_schedule': array([     1,     11,     21, ..., 999971, 999981, 999991])}, 'MCTS': {'RS_iters': 5000, 'mcts_iters': 100, 'eps': 0.05, 'lr': 0.1, 'flag': 'MCTS'}, 'SA': {'RS_iters': 5000, 'sa_iters': 100, 'eps': 0.05, 'lr': 0.1, 'flag': 'SA'}, 'RME': {'N': 100}}",-8.6243031673
6,390,18.1912116237,"[6, 1, 3, 26, 13, 18, 14, 9, 7, 13]",RME,rep,10,30,10,0.9500000000000001,10000,426.0270392895,"{'APS': {'cooling_schedule': array([     1,     11,     21, ..., 999971, 999981, 999991])}, 'MCTS': {'RS_iters': 5000, 'mcts_iters': 100, 'eps': 0.05, 'lr': 0.1, 'flag': 'MCTS'}, 'SA': {'RS_iters': 5000, 'sa_iters': 100, 'eps': 0.05, 'lr': 0.1, 'flag': 'SA'}, 'RME': {'N': 100}}",-7.8087883763
6,405,17.8084388423,"[6, 6, 22, 16, 14, 16, 19, 4, 21, 28]",RME,rep,10,30,10,0.9500000000000001,10000,441.3083367348,"{'APS': {'cooling_schedule': array([     1,     11,     21, ..., 999971, 999981, 999991])}, 'MCTS': {'RS_iters': 5000, 'mcts_iters': 100, 'eps': 0.05, 'lr': 0.1, 'flag': 'MCTS'}, 'SA': {'RS_iters': 5000, 'sa_iters': 100, 'eps': 0.05, 'lr': 0.1, 'flag': 'SA'}, 'RME': {'N': 100}}",-8.1915611577
6,420,17.6189990932,"[19, 5, 0, 3, 14, 10, 0, 7, 11, 28]",RME,rep,10,30,10,0.9500000000000001,10000,457.0202953815,"{'APS': {'cooling_schedule': array([     1,     11,     21, ..., 999971, 999981, 999991])}, 'MCTS': {'RS_iters': 5000, 'mcts_iters': 100, 'eps': 0.05, 'lr': 0.1, 'flag': 'MCTS'}, 'SA': {'RS_iters': 5000, 'sa_iters': 100, 'eps': 0.05, 'lr': 0.1, 'flag': 'SA'}, 'RME': {'N': 100}}",-8.3810009068
6,435,18.0106364937,"[11, 10, 0, 19, 6, 24, 14, 17, 3, 1]",RME,rep,10,30,10,0.9500000000000001,10000,470.8304142952,"{'APS': {'cooling_schedule': array([     1,     11,     21, ..., 999971, 999981, 999991])}, 'MCTS': {'RS_iters': 5000, 'mcts_iters': 100, 'eps': 0.05, 'lr': 0.1, 'flag': 'MCTS'}, 'SA': {'RS_iters': 5000, 'sa_iters': 100, 'eps': 0.05, 'lr': 0.1, 'flag': 'SA'}, 'RME': {'N': 100}}",-7.9893635063
6,450,18.205436611,"[6, 12, 9, 26, 6, 27, 14, 11, 11, 12]",RME,rep,10,30,10,0.9500000000000001,10000,486.0161678791,"{'APS': {'cooling_schedule': array([     1,     11,     21, ..., 999971, 999981, 999991])}, 'MCTS': {'RS_iters': 5000, 'mcts_iters': 100, 'eps': 0.05, 'lr': 0.1, 'flag': 'MCTS'}, 'SA': {'RS_iters': 5000, 'sa_iters': 100, 'eps': 0.05, 'lr': 0.1, 'flag': 'SA'}, 'RME': {'N': 100}}",-7.794563389
6,465,17.473145473,"[6, 4, 20, 5, 12, 10, 14, 25, 7, 18]",RME,rep,10,30,10,0.9500000000000001,10000,501.7100081444,"{'APS': {'cooling_schedule': array([     1,     11,     21, ..., 999971, 999981, 999991])}, 'MCTS': {'RS_iters': 5000, 'mcts_iters': 100, 'eps': 0.05, 'lr': 0.1, 'flag': 'MCTS'}, 'SA': {'RS_iters': 5000, 'sa_iters': 100, 'eps': 0.05, 'lr': 0.1, 'flag': 'SA'}, 'RME': {'N': 100}}",-8.526854527
6,480,18.0607199177,"[6, 6, 3, 19, 2, 3, 18, 0, 15, 26]",RME,rep,10,30,10,0.9500000000000001,10000,515.7221345901,"{'APS': {'cooling_schedule': array([     1,     11,     21, ..., 999971, 999981, 999991])}, 'MCTS': {'RS_iters': 5000, 'mcts_iters': 100, 'eps': 0.05, 'lr': 0.1, 'flag': 'MCTS'}, 'SA': {'RS_iters': 5000, 'sa_iters': 100, 'eps': 0.05, 'lr': 0.1, 'flag': 'SA'}, 'RME': {'N': 100}}",-7.9392800823
6,495,17.587776244,"[6, 4, 9, 20, 13, 27, 13, 11, 9, 28]",RME,rep,10,30,10,0.9500000000000001,10000,530.6462218761,"{'APS': {'cooling_schedule': array([     1,     11,     21, ..., 999971, 999981, 999991])}, 'MCTS': {'RS_iters': 5000, 'mcts_iters': 100, 'eps': 0.05, 'lr': 0.1, 'flag': 'MCTS'}, 'SA': {'RS_iters': 5000, 'sa_iters': 100, 'eps': 0.05, 'lr': 0.1, 'flag': 'SA'}, 'RME': {'N': 100}}",-8.412223756
6,510,17.497933305,"[29, 9, 20, 21, 13, 4, 23, 4, 4, 19]",RME,rep,10,30,10,0.9500000000000001,10000,545.8285079002,"{'APS': {'cooling_schedule': array([     1,     11,     21, ..., 999971, 999981, 999991])}, 'MCTS': {'RS_iters': 5000, 'mcts_iters': 100, 'eps': 0.05, 'lr': 0.1, 'flag': 'MCTS'}, 'SA': {'RS_iters': 5000, 'sa_iters': 100, 'eps': 0.05, 'lr': 0.1, 'flag': 'SA'}, 'RME': {'N': 100}}",-8.502066695
6,525,18.376799907,"[25, 28, 3, 9, 29, 19, 14, 22, 1, 28]",RME,rep,10,30,10,0.9500000000000001,10000,560.4721748829,"{'APS': {'cooling_schedule': array([     1,     11,     21, ..., 999971, 999981, 999991])}, 'MCTS': {'RS_iters': 5000, 'mcts_iters': 100, 'eps': 0.05, 'lr': 0.1, 'flag': 'MCTS'}, 'SA': {'RS_iters': 5000, 'sa_iters': 100, 'eps': 0.05, 'lr': 0.1, 'flag': 'SA'}, 'RME': {'N': 100}}",-7.623200093
6,540,18.2591890176,"[6, 11, 27, 19, 18, 10, 14, 14, 1, 16]",RME,rep,10,30,10,0.9500000000000001,10000,575.9557535648,"{'APS': {'cooling_schedule': array([     1,     11,     21, ..., 999971, 999981, 999991])}, 'MCTS': {'RS_iters': 5000, 'mcts_iters': 100, 'eps': 0.05, 'lr': 0.1, 'flag': 'MCTS'}, 'SA': {'RS_iters': 5000, 'sa_iters': 100, 'eps': 0.05, 'lr': 0.1, 'flag': 'SA'}, 'RME': {'N': 100}}",-7.7408109824
6,555,18.5728918728,"[23, 19, 3, 19, 14, 10, 13, 10, 5, 28]",RME,rep,10,30,10,0.9500000000000001,10000,591.1960272789,"{'APS': {'cooling_schedule': array([     1,     11,     21, ..., 999971, 999981, 999991])}, 'MCTS': {'RS_iters': 5000, 'mcts_iters': 100, 'eps': 0.05, 'lr': 0.1, 'flag': 'MCTS'}, 'SA': {'RS_iters': 5000, 'sa_iters': 100, 'eps': 0.05, 'lr': 0.1, 'flag': 'SA'}, 'RME': {'N': 100}}",-7.4271081272
6,570,18.1432338264,"[6, 5, 13, 19, 24, 1, 13, 20, 5, 28]",RME,rep,10,30,10,0.9500000000000001,10000,606.9596617222,"{'APS': {'cooling_schedule': array([     1,     11,     21, ..., 999971, 999981, 999991])}, 'MCTS': {'RS_iters': 5000, 'mcts_iters': 100, 'eps': 0.05, 'lr': 0.1, 'flag': 'MCTS'}, 'SA': {'RS_iters': 5000, 'sa_iters': 100, 'eps': 0.05, 'lr': 0.1, 'flag': 'SA'}, 'RME': {'N': 100}}",-7.8567661736000005
6,585,17.846007322,"[6, 9, 8, 23, 9, 4, 14, 10, 2, 9]",RME,rep,10,30,10,0.9500000000000001,10000,620.8670804501,"{'APS': {'cooling_schedule': array([     1,     11,     21, ..., 999971, 999981, 999991])}, 'MCTS': {'RS_iters': 5000, 'mcts_iters': 100, 'eps': 0.05, 'lr': 0.1, 'flag': 'MCTS'}, 'SA': {'RS_iters': 5000, 'sa_iters': 100, 'eps': 0.05, 'lr': 0.1, 'flag': 'SA'}, 'RME': {'N': 100}}",-8.153992678
6,600,18.3056639193,"[22, 9, 8, 19, 12, 0, 11, 17, 11, 17]",RME,rep,10,30,10,0.9500000000000001,10000,636.0205869675,"{'APS': {'cooling_schedule': array([     1,     11,     21, ..., 999971, 999981, 999991])}, 'MCTS': {'RS_iters': 5000, 'mcts_iters': 100, 'eps': 0.05, 'lr': 0.1, 'flag': 'MCTS'}, 'SA': {'RS_iters': 5000, 'sa_iters': 100, 'eps': 0.05, 'lr': 0.1, 'flag': 'SA'}, 'RME': {'N': 100}}",-7.6943360807
6,615,18.0326068606,"[23, 25, 3, 28, 14, 24, 21, 18, 11, 5]",RME,rep,10,30,10,0.9500000000000001,10000,651.6660823822,"{'APS': {'cooling_schedule': array([     1,     11,     21, ..., 999971, 999981, 999991])}, 'MCTS': {'RS_iters': 5000, 'mcts_iters': 100, 'eps': 0.05, 'lr': 0.1, 'flag': 'MCTS'}, 'SA': {'RS_iters': 5000, 'sa_iters': 100, 'eps': 0.05, 'lr': 0.1, 'flag': 'SA'}, 'RME': {'N': 100}}",-7.9673931394
6,630,17.8192839238,"[6, 19, 20, 14, 18, 24, 6, 17, 11, 29]",RME,rep,10,30,10,0.9500000000000001,10000,665.5496835709,"{'APS': {'cooling_schedule': array([     1,     11,     21, ..., 999971, 999981, 999991])}, 'MCTS': {'RS_iters': 5000, 'mcts_iters': 100, 'eps': 0.05, 'lr': 0.1, 'flag': 'MCTS'}, 'SA': {'RS_iters': 5000, 'sa_iters': 100, 'eps': 0.05, 'lr': 0.1, 'flag': 'SA'}, 'RME': {'N': 100}}",-8.1807160762
6,645,18.0641426469,"[10, 9, 20, 6, 25, 24, 24, 4, 24, 14]",RME,rep,10,30,10,0.9500000000000001,10000,681.0359404087,"{'APS': {'cooling_schedule': array([     1,     11,     21, ..., 999971, 999981, 999991])}, 'MCTS': {'RS_iters': 5000, 'mcts_iters': 100, 'eps': 0.05, 'lr': 0.1, 'flag': 'MCTS'}, 'SA': {'RS_iters': 5000, 'sa_iters': 100, 'eps': 0.05, 'lr': 0.1, 'flag': 'SA'}, 'RME': {'N': 100}}",-7.9358573531
6,660,18.2314221869,"[25, 9, 16, 1, 25, 26, 11, 25, 11, 28]",RME,rep,10,30,10,0.9500000000000001,10000,696.2983052731,"{'APS': {'cooling_schedule': array([     1,     11,     21, ..., 999971, 999981, 999991])}, 'MCTS': {'RS_iters': 5000, 'mcts_iters': 100, 'eps': 0.05, 'lr': 0.1, 'flag': 'MCTS'}, 'SA': {'RS_iters': 5000, 'sa_iters': 100, 'eps': 0.05, 'lr': 0.1, 'flag': 'SA'}, 'RME': {'N': 100}}",-7.7685778131
6,675,18.9066377905,"[6, 23, 3, 19, 3, 24, 14, 17, 10, 18]",RME,rep,10,30,10,0.9500000000000001,10000,710.1582860947,"{'APS': {'cooling_schedule': array([     1,     11,     21, ..., 999971, 999981, 999991])}, 'MCTS': {'RS_iters': 5000, 'mcts_iters': 100, 'eps': 0.05, 'lr': 0.1, 'flag': 'MCTS'}, 'SA': {'RS_iters': 5000, 'sa_iters': 100, 'eps': 0.05, 'lr': 0.1, 'flag': 'SA'}, 'RME': {'N': 100}}",-7.0933622095
6,690,18.1580094289,"[6, 28, 26, 15, 16, 10, 24, 4, 11, 6]",RME,rep,10,30,10,0.9500000000000001,10000,725.8439996243,"{'APS': {'cooling_schedule': array([     1,     11,     21, ..., 999971, 999981, 999991])}, 'MCTS': {'RS_iters': 5000, 'mcts_iters': 100, 'eps': 0.05, 'lr': 0.1, 'flag': 'MCTS'}, 'SA': {'RS_iters': 5000, 'sa_iters': 100, 'eps': 0.05, 'lr': 0.1, 'flag': 'SA'}, 'RME': {'N': 100}}",-7.8419905711
6,705,17.786077266,"[24, 9, 24, 19, 28, 24, 14, 7, 15, 9]",RME,rep,10,30,10,0.9500000000000001,10000,741.4455323219,"{'APS': {'cooling_schedule': array([     1,     11,     21, ..., 999971, 999981, 999991])}, 'MCTS': {'RS_iters': 5000, 'mcts_iters': 100, 'eps': 0.05, 'lr': 0.1, 'flag': 'MCTS'}, 'SA': {'RS_iters': 5000, 'sa_iters': 100, 'eps': 0.05, 'lr': 0.1, 'flag': 'SA'}, 'RME': {'N': 100}}",-8.213922734
6,720,17.6636990306,"[24, 29, 29, 19, 8, 10, 28, 4, 15, 28]",RME,rep,10,30,10,0.9500000000000001,10000,757.1425292492,"{'APS': {'cooling_schedule': array([     1,     11,     21, ..., 999971, 999981, 999991])}, 'MCTS': {'RS_iters': 5000, 'mcts_iters': 100, 'eps': 0.05, 'lr': 0.1, 'flag': 'MCTS'}, 'SA': {'RS_iters': 5000, 'sa_iters': 100, 'eps': 0.05, 'lr': 0.1, 'flag': 'SA'}, 'RME': {'N': 100}}",-8.3363009694
6,735,18.8356518586,"[6, 9, 3, 2, 12, 24, 13, 20, 7, 12]",RME,rep,10,30,10,0.9500000000000001,10000,770.2341990471,"{'APS': {'cooling_schedule': array([     1,     11,     21, ..., 999971, 999981, 999991])}, 'MCTS': {'RS_iters': 5000, 'mcts_iters': 100, 'eps': 0.05, 'lr': 0.1, 'flag': 'MCTS'}, 'SA': {'RS_iters': 5000, 'sa_iters': 100, 'eps': 0.05, 'lr': 0.1, 'flag': 'SA'}, 'RME': {'N': 100}}",-7.1643481414
6,750,17.4761672361,"[4, 27, 25, 20, 13, 20, 14, 2, 11, 15]",RME,rep,10,30,10,0.9500000000000001,10000,786.3037192822,"{'APS': {'cooling_schedule': array([     1,     11,     21, ..., 999971, 999981, 999991])}, 'MCTS': {'RS_iters': 5000, 'mcts_iters': 100, 'eps': 0.05, 'lr': 0.1, 'flag': 'MCTS'}, 'SA': {'RS_iters': 5000, 'sa_iters': 100, 'eps': 0.05, 'lr': 0.1, 'flag': 'SA'}, 'RME': {'N': 100}}",-8.5238327639
6,765,17.7300932279,"[11, 9, 4, 8, 14, 24, 16, 9, 15, 28]",RME,rep,10,30,10,0.9500000000000001,10000,801.2928068638,"{'APS': {'cooling_schedule': array([     1,     11,     21, ..., 999971, 999981, 999991])}, 'MCTS': {'RS_iters': 5000, 'mcts_iters': 100, 'eps': 0.05, 'lr': 0.1, 'flag': 'MCTS'}, 'SA': {'RS_iters': 5000, 'sa_iters': 100, 'eps': 0.05, 'lr': 0.1, 'flag': 'SA'}, 'RME': {'N': 100}}",-8.2699067721
6,780,18.1023343374,"[6, 9, 24, 8, 22, 22, 14, 1, 26, 22]",RME,rep,10,30,10,0.9500000000000001,10000,815.6038861275,"{'APS': {'cooling_schedule': array([     1,     11,     21, ..., 999971, 999981, 999991])}, 'MCTS': {'RS_iters': 5000, 'mcts_iters': 100, 'eps': 0.05, 'lr': 0.1, 'flag': 'MCTS'}, 'SA': {'RS_iters': 5000, 'sa_iters': 100, 'eps': 0.05, 'lr': 0.1, 'flag': 'SA'}, 'RME': {'N': 100}}",-7.8976656626
6,795,18.3754886592,"[2, 9, 18, 8, 13, 19, 14, 6, 7, 28]",RME,rep,10,30,10,0.9500000000000001,10000,830.9521751404,"{'APS': {'cooling_schedule': array([     1,     11,     21, ..., 999971, 999981, 999991])}, 'MCTS': {'RS_iters': 5000, 'mcts_iters': 100, 'eps': 0.05, 'lr': 0.1, 'flag': 'MCTS'}, 'SA': {'RS_iters': 5000, 'sa_iters': 100, 'eps': 0.05, 'lr': 0.1, 'flag': 'SA'}, 'RME': {'N': 100}}",-7.6245113408
6,810,18.3594827004,"[6, 9, 3, 8, 6, 4, 20, 10, 12, 4]",RME,rep,10,30,10,0.9500000000000001,10000,846.2248957157,"{'APS': {'cooling_schedule': array([     1,     11,     21, ..., 999971, 999981, 999991])}, 'MCTS': {'RS_iters': 5000, 'mcts_iters': 100, 'eps': 0.05, 'lr': 0.1, 'flag': 'MCTS'}, 'SA': {'RS_iters': 5000, 'sa_iters': 100, 'eps': 0.05, 'lr': 0.1, 'flag': 'SA'}, 'RME': {'N': 100}}",-7.6405172996
6,825,18.1709426287,"[6, 25, 12, 27, 20, 20, 14, 4, 17, 5]",RME,rep,10,30,10,0.9500000000000001,10000,860.3184216022,"{'APS': {'cooling_schedule': array([     1,     11,     21, ..., 999971, 999981, 999991])}, 'MCTS': {'RS_iters': 5000, 'mcts_iters': 100, 'eps': 0.05, 'lr': 0.1, 'flag': 'MCTS'}, 'SA': {'RS_iters': 5000, 'sa_iters': 100, 'eps': 0.05, 'lr': 0.1, 'flag': 'SA'}, 'RME': {'N': 100}}",-7.8290573713
6,840,18.2574028887,"[1, 9, 23, 12, 13, 20, 5, 4, 15, 28]",RME,rep,10,30,10,0.9500000000000001,10000,875.5808551311,"{'APS': {'cooling_schedule': array([     1,     11,     21, ..., 999971, 999981, 999991])}, 'MCTS': {'RS_iters': 5000, 'mcts_iters': 100, 'eps': 0.05, 'lr': 0.1, 'flag': 'MCTS'}, 'SA': {'RS_iters': 5000, 'sa_iters': 100, 'eps': 0.05, 'lr': 0.1, 'flag': 'SA'}, 'RME': {'N': 100}}",-7.7425971113
6,855,18.3514927955,"[7, 0, 3, 4, 9, 10, 14, 24, 29, 28]",RME,rep,10,30,10,0.9500000000000001,10000,891.1435973644,"{'APS': {'cooling_schedule': array([     1,     11,     21, ..., 999971, 999981, 999991])}, 'MCTS': {'RS_iters': 5000, 'mcts_iters': 100, 'eps': 0.05, 'lr': 0.1, 'flag': 'MCTS'}, 'SA': {'RS_iters': 5000, 'sa_iters': 100, 'eps': 0.05, 'lr': 0.1, 'flag': 'SA'}, 'RME': {'N': 100}}",-7.6485072044999995
6,870,18.0726259601,"[6, 18, 13, 0, 6, 28, 14, 4, 21, 8]",RME,rep,10,30,10,0.9500000000000001,10000,906.8777842522,"{'APS': {'cooling_schedule': array([     1,     11,     21, ..., 999971, 999981, 999991])}, 'MCTS': {'RS_iters': 5000, 'mcts_iters': 100, 'eps': 0.05, 'lr': 0.1, 'flag': 'MCTS'}, 'SA': {'RS_iters': 5000, 'sa_iters': 100, 'eps': 0.05, 'lr': 0.1, 'flag': 'SA'}, 'RME': {'N': 100}}",-7.9273740399
6,885,17.334744202,"[6, 9, 17, 21, 13, 8, 12, 28, 19, 25]",RME,rep,10,30,10,0.9500000000000001,10000,920.4639399052,"{'APS': {'cooling_schedule': array([     1,     11,     21, ..., 999971, 999981, 999991])}, 'MCTS': {'RS_iters': 5000, 'mcts_iters': 100, 'eps': 0.05, 'lr': 0.1, 'flag': 'MCTS'}, 'SA': {'RS_iters': 5000, 'sa_iters': 100, 'eps': 0.05, 'lr': 0.1, 'flag': 'SA'}, 'RME': {'N': 100}}",-8.665255798
6,900,18.5764417577,"[29, 13, 25, 21, 29, 10, 1, 4, 11, 28]",RME,rep,10,30,10,0.9500000000000001,10000,936.3000717163,"{'APS': {'cooling_schedule': array([     1,     11,     21, ..., 999971, 999981, 999991])}, 'MCTS': {'RS_iters': 5000, 'mcts_iters': 100, 'eps': 0.05, 'lr': 0.1, 'flag': 'MCTS'}, 'SA': {'RS_iters': 5000, 'sa_iters': 100, 'eps': 0.05, 'lr': 0.1, 'flag': 'SA'}, 'RME': {'N': 100}}",-7.4235582423
6,915,18.2708430543,"[6, 9, 11, 19, 22, 18, 1, 0, 9, 22]",RME,rep,10,30,10,0.9500000000000001,10000,951.6566565037,"{'APS': {'cooling_schedule': array([     1,     11,     21, ..., 999971, 999981, 999991])}, 'MCTS': {'RS_iters': 5000, 'mcts_iters': 100, 'eps': 0.05, 'lr': 0.1, 'flag': 'MCTS'}, 'SA': {'RS_iters': 5000, 'sa_iters': 100, 'eps': 0.05, 'lr': 0.1, 'flag': 'SA'}, 'RME': {'N': 100}}",-7.7291569457
6,930,18.5156809994,"[6, 9, 27, 3, 20, 5, 4, 13, 11, 13]",RME,rep,10,30,10,0.9500000000000001,10000,965.8766570091,"{'APS': {'cooling_schedule': array([     1,     11,     21, ..., 999971, 999981, 999991])}, 'MCTS': {'RS_iters': 5000, 'mcts_iters': 100, 'eps': 0.05, 'lr': 0.1, 'flag': 'MCTS'}, 'SA': {'RS_iters': 5000, 'sa_iters': 100, 'eps': 0.05, 'lr': 0.1, 'flag': 'SA'}, 'RME': {'N': 100}}",-7.4843190006
6,945,18.4003465365,"[6, 9, 8, 18, 14, 0, 14, 8, 13, 3]",RME,rep,10,30,10,0.9500000000000001,10000,981.3814427853,"{'APS': {'cooling_schedule': array([     1,     11,     21, ..., 999971, 999981, 999991])}, 'MCTS': {'RS_iters': 5000, 'mcts_iters': 100, 'eps': 0.05, 'lr': 0.1, 'flag': 'MCTS'}, 'SA': {'RS_iters': 5000, 'sa_iters': 100, 'eps': 0.05, 'lr': 0.1, 'flag': 'SA'}, 'RME': {'N': 100}}",-7.5996534635
6,960,17.8471876584,"[6, 12, 26, 19, 3, 20, 0, 4, 7, 12]",RME,rep,10,30,10,0.9500000000000001,10000,996.250262022,"{'APS': {'cooling_schedule': array([     1,     11,     21, ..., 999971, 999981, 999991])}, 'MCTS': {'RS_iters': 5000, 'mcts_iters': 100, 'eps': 0.05, 'lr': 0.1, 'flag': 'MCTS'}, 'SA': {'RS_iters': 5000, 'sa_iters': 100, 'eps': 0.05, 'lr': 0.1, 'flag': 'SA'}, 'RME': {'N': 100}}",-8.1528123416
6,975,18.0266962866,"[6, 9, 5, 25, 22, 18, 22, 17, 11, 18]",RME,rep,10,30,10,0.9500000000000001,10000,1010.5918080807,"{'APS': {'cooling_schedule': array([     1,     11,     21, ..., 999971, 999981, 999991])}, 'MCTS': {'RS_iters': 5000, 'mcts_iters': 100, 'eps': 0.05, 'lr': 0.1, 'flag': 'MCTS'}, 'SA': {'RS_iters': 5000, 'sa_iters': 100, 'eps': 0.05, 'lr': 0.1, 'flag': 'SA'}, 'RME': {'N': 100}}",-7.9733037134
6,990,18.3787421602,"[19, 7, 3, 2, 14, 27, 14, 4, 14, 13]",RME,rep,10,30,10,0.9500000000000001,10000,1025.7645652294,"{'APS': {'cooling_schedule': array([     1,     11,     21, ..., 999971, 999981, 999991])}, 'MCTS': {'RS_iters': 5000, 'mcts_iters': 100, 'eps': 0.05, 'lr': 0.1, 'flag': 'MCTS'}, 'SA': {'RS_iters': 5000, 'sa_iters': 100, 'eps': 0.05, 'lr': 0.1, 'flag': 'SA'}, 'RME': {'N': 100}}",-7.6212578398
6,1005,18.4185101665,"[6, 9, 6, 4, 2, 5, 14, 27, 13, 4]",RME,rep,10,30,10,0.9500000000000001,10000,1041.1757199764,"{'APS': {'cooling_schedule': array([     1,     11,     21, ..., 999971, 999981, 999991])}, 'MCTS': {'RS_iters': 5000, 'mcts_iters': 100, 'eps': 0.05, 'lr': 0.1, 'flag': 'MCTS'}, 'SA': {'RS_iters': 5000, 'sa_iters': 100, 'eps': 0.05, 'lr': 0.1, 'flag': 'SA'}, 'RME': {'N': 100}}",-7.5814898335
6,1020,18.5194930906,"[22, 11, 28, 19, 14, 5, 14, 15, 11, 26]",RME,rep,10,30,10,0.9500000000000001,10000,1057.0966024399,"{'APS': {'cooling_schedule': array([     1,     11,     21, ..., 999971, 999981, 999991])}, 'MCTS': {'RS_iters': 5000, 'mcts_iters': 100, 'eps': 0.05, 'lr': 0.1, 'flag': 'MCTS'}, 'SA': {'RS_iters': 5000, 'sa_iters': 100, 'eps': 0.05, 'lr': 0.1, 'flag': 'SA'}, 'RME': {'N': 100}}",-7.4805069094
6,1035,17.8167602951,"[26, 6, 3, 0, 12, 8, 14, 9, 5, 28]",RME,rep,10,30,10,0.9500000000000001,10000,1070.8295211792,"{'APS': {'cooling_schedule': array([     1,     11,     21, ..., 999971, 999981, 999991])}, 'MCTS': {'RS_iters': 5000, 'mcts_iters': 100, 'eps': 0.05, 'lr': 0.1, 'flag': 'MCTS'}, 'SA': {'RS_iters': 5000, 'sa_iters': 100, 'eps': 0.05, 'lr': 0.1, 'flag': 'SA'}, 'RME': {'N': 100}}",-8.1832397049
6,1050,18.0533021559,"[16, 20, 23, 19, 24, 1, 12, 18, 11, 28]",RME,rep,10,30,10,0.9500000000000001,10000,1085.9535837173,"{'APS': {'cooling_schedule': array([     1,     11,     21, ..., 999971, 999981, 999991])}, 'MCTS': {'RS_iters': 5000, 'mcts_iters': 100, 'eps': 0.05, 'lr': 0.1, 'flag': 'MCTS'}, 'SA': {'RS_iters': 5000, 'sa_iters': 100, 'eps': 0.05, 'lr': 0.1, 'flag': 'SA'}, 'RME': {'N': 100}}",-7.9466978441
6,1065,18.3379707538,"[6, 9, 13, 8, 6, 4, 14, 2, 25, 23]",RME,rep,10,30,10,0.9500000000000001,10000,1101.0575621128,"{'APS': {'cooling_schedule': array([     1,     11,     21, ..., 999971, 999981, 999991])}, 'MCTS': {'RS_iters': 5000, 'mcts_iters': 100, 'eps': 0.05, 'lr': 0.1, 'flag': 'MCTS'}, 'SA': {'RS_iters': 5000, 'sa_iters': 100, 'eps': 0.05, 'lr': 0.1, 'flag': 'SA'}, 'RME': {'N': 100}}",-7.6620292462
6,1080,17.3590175835,"[5, 12, 22, 19, 3, 26, 2, 4, 11, 13]",RME,rep,10,30,10,0.9500000000000001,10000,1115.7432973385,"{'APS': {'cooling_schedule': array([     1,     11,     21, ..., 999971, 999981, 999991])}, 'MCTS': {'RS_iters': 5000, 'mcts_iters': 100, 'eps': 0.05, 'lr': 0.1, 'flag': 'MCTS'}, 'SA': {'RS_iters': 5000, 'sa_iters': 100, 'eps': 0.05, 'lr': 0.1, 'flag': 'SA'}, 'RME': {'N': 100}}",-8.6409824165
6,1095,18.4879671958,"[24, 18, 3, 19, 13, 18, 24, 12, 11, 15]",RME,rep,10,30,10,0.9500000000000001,10000,1131.1538639069,"{'APS': {'cooling_schedule': array([     1,     11,     21, ..., 999971, 999981, 999991])}, 'MCTS': {'RS_iters': 5000, 'mcts_iters': 100, 'eps': 0.05, 'lr': 0.1, 'flag': 'MCTS'}, 'SA': {'RS_iters': 5000, 'sa_iters': 100, 'eps': 0.05, 'lr': 0.1, 'flag': 'SA'}, 'RME': {'N': 100}}",-7.5120328042
6,1110,18.3117899337,"[24, 9, 0, 4, 25, 24, 24, 2, 11, 1]",RME,rep,10,30,10,0.9500000000000001,10000,1146.2486128807,"{'APS': {'cooling_schedule': array([     1,     11,     21, ..., 999971, 999981, 999991])}, 'MCTS': {'RS_iters': 5000, 'mcts_iters': 100, 'eps': 0.05, 'lr': 0.1, 'flag': 'MCTS'}, 'SA': {'RS_iters': 5000, 'sa_iters': 100, 'eps': 0.05, 'lr': 0.1, 'flag': 'SA'}, 'RME': {'N': 100}}",-7.6882100663
6,1125,18.6716870084,"[15, 9, 3, 18, 23, 6, 11, 4, 12, 28]",RME,rep,10,30,10,0.9500000000000001,10000,1160.2736639977,"{'APS': {'cooling_schedule': array([     1,     11,     21, ..., 999971, 999981, 999991])}, 'MCTS': {'RS_iters': 5000, 'mcts_iters': 100, 'eps': 0.05, 'lr': 0.1, 'flag': 'MCTS'}, 'SA': {'RS_iters': 5000, 'sa_iters': 100, 'eps': 0.05, 'lr': 0.1, 'flag': 'SA'}, 'RME': {'N': 100}}",-7.3283129916
6,1140,18.2797272937,"[6, 22, 22, 27, 29, 0, 14, 4, 24, 23]",RME,rep,10,30,10,0.9500000000000001,10000,1175.647485733,"{'APS': {'cooling_schedule': array([     1,     11,     21, ..., 999971, 999981, 999991])}, 'MCTS': {'RS_iters': 5000, 'mcts_iters': 100, 'eps': 0.05, 'lr': 0.1, 'flag': 'MCTS'}, 'SA': {'RS_iters': 5000, 'sa_iters': 100, 'eps': 0.05, 'lr': 0.1, 'flag': 'SA'}, 'RME': {'N': 100}}",-7.7202727063
6,1155,18.3847080741,"[6, 27, 27, 19, 12, 17, 14, 1, 10, 15]",RME,rep,10,30,10,0.9500000000000001,10000,1191.5325365067,"{'APS': {'cooling_schedule': array([     1,     11,     21, ..., 999971, 999981, 999991])}, 'MCTS': {'RS_iters': 5000, 'mcts_iters': 100, 'eps': 0.05, 'lr': 0.1, 'flag': 'MCTS'}, 'SA': {'RS_iters': 5000, 'sa_iters': 100, 'eps': 0.05, 'lr': 0.1, 'flag': 'SA'}, 'RME': {'N': 100}}",-7.6152919259
6,1170,18.0797577963,"[19, 9, 3, 16, 12, 1, 20, 19, 11, 13]",RME,rep,10,30,10,0.9500000000000001,10000,1206.6251444817,"{'APS': {'cooling_schedule': array([     1,     11,     21, ..., 999971, 999981, 999991])}, 'MCTS': {'RS_iters': 5000, 'mcts_iters': 100, 'eps': 0.05, 'lr': 0.1, 'flag': 'MCTS'}, 'SA': {'RS_iters': 5000, 'sa_iters': 100, 'eps': 0.05, 'lr': 0.1, 'flag': 'SA'}, 'RME': {'N': 100}}",-7.9202422037
6,1185,18.5743806576,"[28, 9, 3, 22, 18, 24, 14, 28, 29, 14]",RME,rep,10,30,10,0.9500000000000001,10000,1220.2206807137,"{'APS': {'cooling_schedule': array([     1,     11,     21, ..., 999971, 999981, 999991])}, 'MCTS': {'RS_iters': 5000, 'mcts_iters': 100, 'eps': 0.05, 'lr': 0.1, 'flag': 'MCTS'}, 'SA': {'RS_iters': 5000, 'sa_iters': 100, 'eps': 0.05, 'lr': 0.1, 'flag': 'SA'}, 'RME': {'N': 100}}",-7.4256193424
6,1200,18.4854992177,"[16, 9, 3, 4, 13, 22, 1, 10, 4, 28]",RME,rep,10,30,10,0.9500000000000001,10000,1235.8582718372,"{'APS': {'cooling_schedule': array([     1,     11,     21, ..., 999971, 999981, 999991])}, 'MCTS': {'RS_iters': 5000, 'mcts_iters': 100, 'eps': 0.05, 'lr': 0.1, 'flag': 'MCTS'}, 'SA': {'RS_iters': 5000, 'sa_iters': 100, 'eps': 0.05, 'lr': 0.1, 'flag': 'SA'}, 'RME': {'N': 100}}",-7.5145007823
7,15,17.157363371,"[6, 12, 13, 29, 14, 4, 14, 27, 21, 14]",RME,rep,10,30,10,0.9500000000000001,10000,51.0852842331,"{'APS': {'cooling_schedule': array([     1,     11,     21, ..., 999971, 999981, 999991])}, 'MCTS': {'RS_iters': 5000, 'mcts_iters': 100, 'eps': 0.05, 'lr': 0.1, 'flag': 'MCTS'}, 'SA': {'RS_iters': 5000, 'sa_iters': 100, 'eps': 0.05, 'lr': 0.1, 'flag': 'SA'}, 'RME': {'N': 100}}",-8.842636629
7,30,17.1570687323,"[16, 0, 3, 19, 20, 28, 25, 5, 20, 11]",RME,rep,10,30,10,0.9500000000000001,10000,66.394169569,"{'APS': {'cooling_schedule': array([     1,     11,     21, ..., 999971, 999981, 999991])}, 'MCTS': {'RS_iters': 5000, 'mcts_iters': 100, 'eps': 0.05, 'lr': 0.1, 'flag': 'MCTS'}, 'SA': {'RS_iters': 5000, 'sa_iters': 100, 'eps': 0.05, 'lr': 0.1, 'flag': 'SA'}, 'RME': {'N': 100}}",-8.8429312677
7,45,17.2173891603,"[7, 27, 25, 19, 14, 29, 18, 4, 18, 26]",RME,rep,10,30,10,0.9500000000000001,10000,80.501996994,"{'APS': {'cooling_schedule': array([     1,     11,     21, ..., 999971, 999981, 999991])}, 'MCTS': {'RS_iters': 5000, 'mcts_iters': 100, 'eps': 0.05, 'lr': 0.1, 'flag': 'MCTS'}, 'SA': {'RS_iters': 5000, 'sa_iters': 100, 'eps': 0.05, 'lr': 0.1, 'flag': 'SA'}, 'RME': {'N': 100}}",-8.7826108397
7,60,17.3163510756,"[21, 12, 2, 12, 25, 5, 5, 24, 11, 28]",RME,rep,10,30,10,0.9500000000000001,10000,96.4173316956,"{'APS': {'cooling_schedule': array([     1,     11,     21, ..., 999971, 999981, 999991])}, 'MCTS': {'RS_iters': 5000, 'mcts_iters': 100, 'eps': 0.05, 'lr': 0.1, 'flag': 'MCTS'}, 'SA': {'RS_iters': 5000, 'sa_iters': 100, 'eps': 0.05, 'lr': 0.1, 'flag': 'SA'}, 'RME': {'N': 100}}",-8.6836489244
7,75,17.4313662318,"[6, 5, 16, 4, 24, 5, 23, 4, 13, 3]",RME,rep,10,30,10,0.9500000000000001,10000,110.6640098095,"{'APS': {'cooling_schedule': array([     1,     11,     21, ..., 999971, 999981, 999991])}, 'MCTS': {'RS_iters': 5000, 'mcts_iters': 100, 'eps': 0.05, 'lr': 0.1, 'flag': 'MCTS'}, 'SA': {'RS_iters': 5000, 'sa_iters': 100, 'eps': 0.05, 'lr': 0.1, 'flag': 'SA'}, 'RME': {'N': 100}}",-8.5686337682
7,90,17.8973194853,"[29, 9, 19, 19, 27, 27, 24, 17, 24, 28]",RME,rep,10,30,10,0.9500000000000001,10000,126.3539302349,"{'APS': {'cooling_schedule': array([     1,     11,     21, ..., 999971, 999981, 999991])}, 'MCTS': {'RS_iters': 5000, 'mcts_iters': 100, 'eps': 0.05, 'lr': 0.1, 'flag': 'MCTS'}, 'SA': {'RS_iters': 5000, 'sa_iters': 100, 'eps': 0.05, 'lr': 0.1, 'flag': 'SA'}, 'RME': {'N': 100}}",-8.1026805147
7,105,16.9431888853,"[6, 11, 6, 19, 22, 11, 12, 18, 8, 2]",RME,rep,10,30,10,0.9500000000000001,10000,140.8653256893,"{'APS': {'cooling_schedule': array([     1,     11,     21, ..., 999971, 999981, 999991])}, 'MCTS': {'RS_iters': 5000, 'mcts_iters': 100, 'eps': 0.05, 'lr': 0.1, 'flag': 'MCTS'}, 'SA': {'RS_iters': 5000, 'sa_iters': 100, 'eps': 0.05, 'lr': 0.1, 'flag': 'SA'}, 'RME': {'N': 100}}",-9.0568111147
7,120,17.3092028293,"[6, 25, 28, 4, 16, 27, 21, 3, 8, 28]",RME,rep,10,30,10,0.9500000000000001,10000,155.8322737217,"{'APS': {'cooling_schedule': array([     1,     11,     21, ..., 999971, 999981, 999991])}, 'MCTS': {'RS_iters': 5000, 'mcts_iters': 100, 'eps': 0.05, 'lr': 0.1, 'flag': 'MCTS'}, 'SA': {'RS_iters': 5000, 'sa_iters': 100, 'eps': 0.05, 'lr': 0.1, 'flag': 'SA'}, 'RME': {'N': 100}}",-8.6907971707
7,135,17.6455201455,"[16, 13, 14, 1, 6, 27, 20, 4, 11, 5]",RME,rep,10,30,10,0.9500000000000001,10000,171.3200800419,"{'APS': {'cooling_schedule': array([     1,     11,     21, ..., 999971, 999981, 999991])}, 'MCTS': {'RS_iters': 5000, 'mcts_iters': 100, 'eps': 0.05, 'lr': 0.1, 'flag': 'MCTS'}, 'SA': {'RS_iters': 5000, 'sa_iters': 100, 'eps': 0.05, 'lr': 0.1, 'flag': 'SA'}, 'RME': {'N': 100}}",-8.3544798545
7,150,18.032613663,"[3, 19, 3, 13, 29, 29, 28, 4, 11, 5]",RME,rep,10,30,10,0.9500000000000001,10000,186.092228651,"{'APS': {'cooling_schedule': array([     1,     11,     21, ..., 999971, 999981, 999991])}, 'MCTS': {'RS_iters': 5000, 'mcts_iters': 100, 'eps': 0.05, 'lr': 0.1, 'flag': 'MCTS'}, 'SA': {'RS_iters': 5000, 'sa_iters': 100, 'eps': 0.05, 'lr': 0.1, 'flag': 'SA'}, 'RME': {'N': 100}}",-7.967386337
7,165,17.2048380737,"[6, 9, 4, 6, 7, 10, 9, 26, 12, 19]",RME,rep,10,30,10,0.9500000000000001,10000,200.5962126255,"{'APS': {'cooling_schedule': array([     1,     11,     21, ..., 999971, 999981, 999991])}, 'MCTS': {'RS_iters': 5000, 'mcts_iters': 100, 'eps': 0.05, 'lr': 0.1, 'flag': 'MCTS'}, 'SA': {'RS_iters': 5000, 'sa_iters': 100, 'eps': 0.05, 'lr': 0.1, 'flag': 'SA'}, 'RME': {'N': 100}}",-8.7951619263
7,180,18.2096837997,"[7, 9, 3, 3, 23, 4, 21, 26, 11, 18]",RME,rep,10,30,10,0.9500000000000001,10000,216.0400307178,"{'APS': {'cooling_schedule': array([     1,     11,     21, ..., 999971, 999981, 999991])}, 'MCTS': {'RS_iters': 5000, 'mcts_iters': 100, 'eps': 0.05, 'lr': 0.1, 'flag': 'MCTS'}, 'SA': {'RS_iters': 5000, 'sa_iters': 100, 'eps': 0.05, 'lr': 0.1, 'flag': 'SA'}, 'RME': {'N': 100}}",-7.7903162003
7,195,18.2005255046,"[7, 9, 3, 19, 20, 1, 16, 16, 17, 13]",RME,rep,10,30,10,0.9500000000000001,10000,230.3713924885,"{'APS': {'cooling_schedule': array([     1,     11,     21, ..., 999971, 999981, 999991])}, 'MCTS': {'RS_iters': 5000, 'mcts_iters': 100, 'eps': 0.05, 'lr': 0.1, 'flag': 'MCTS'}, 'SA': {'RS_iters': 5000, 'sa_iters': 100, 'eps': 0.05, 'lr': 0.1, 'flag': 'SA'}, 'RME': {'N': 100}}",-7.7994744954
7,210,18.0265035521,"[14, 8, 3, 21, 12, 24, 3, 25, 18, 28]",RME,rep,10,30,10,0.9500000000000001,10000,246.3055768013,"{'APS': {'cooling_schedule': array([     1,     11,     21, ..., 999971, 999981, 999991])}, 'MCTS': {'RS_iters': 5000, 'mcts_iters': 100, 'eps': 0.05, 'lr': 0.1, 'flag': 'MCTS'}, 'SA': {'RS_iters': 5000, 'sa_iters': 100, 'eps': 0.05, 'lr': 0.1, 'flag': 'SA'}, 'RME': {'N': 100}}",-7.9734964479
7,225,17.9947869967,"[15, 9, 3, 25, 25, 6, 20, 4, 9, 23]",RME,rep,10,30,10,0.9500000000000001,10000,261.2077720165,"{'APS': {'cooling_schedule': array([     1,     11,     21, ..., 999971, 999981, 999991])}, 'MCTS': {'RS_iters': 5000, 'mcts_iters': 100, 'eps': 0.05, 'lr': 0.1, 'flag': 'MCTS'}, 'SA': {'RS_iters': 5000, 'sa_iters': 100, 'eps': 0.05, 'lr': 0.1, 'flag': 'SA'}, 'RME': {'N': 100}}",-8.0052130033
7,240,17.7354802828,"[14, 3, 6, 19, 15, 0, 3, 1, 11, 28]",RME,rep,10,30,10,0.9500000000000001,10000,275.9696528912,"{'APS': {'cooling_schedule': array([     1,     11,     21, ..., 999971, 999981, 999991])}, 'MCTS': {'RS_iters': 5000, 'mcts_iters': 100, 'eps': 0.05, 'lr': 0.1, 'flag': 'MCTS'}, 'SA': {'RS_iters': 5000, 'sa_iters': 100, 'eps': 0.05, 'lr': 0.1, 'flag': 'SA'}, 'RME': {'N': 100}}",-8.2645197172
7,255,17.9395320909,"[6, 22, 29, 18, 22, 24, 11, 5, 28, 28]",RME,rep,10,30,10,0.9500000000000001,10000,290.920280695,"{'APS': {'cooling_schedule': array([     1,     11,     21, ..., 999971, 999981, 999991])}, 'MCTS': {'RS_iters': 5000, 'mcts_iters': 100, 'eps': 0.05, 'lr': 0.1, 'flag': 'MCTS'}, 'SA': {'RS_iters': 5000, 'sa_iters': 100, 'eps': 0.05, 'lr': 0.1, 'flag': 'SA'}, 'RME': {'N': 100}}",-8.0604679091
7,270,17.6109425386,"[0, 9, 28, 13, 25, 21, 14, 4, 16, 14]",RME,rep,10,30,10,0.9500000000000001,10000,305.4594118595,"{'APS': {'cooling_schedule': array([     1,     11,     21, ..., 999971, 999981, 999991])}, 'MCTS': {'RS_iters': 5000, 'mcts_iters': 100, 'eps': 0.05, 'lr': 0.1, 'flag': 'MCTS'}, 'SA': {'RS_iters': 5000, 'sa_iters': 100, 'eps': 0.05, 'lr': 0.1, 'flag': 'SA'}, 'RME': {'N': 100}}",-8.3890574614
7,285,17.8207137874,"[6, 5, 1, 19, 14, 13, 8, 21, 23, 28]",RME,rep,10,30,10,0.9500000000000001,10000,320.5538890362,"{'APS': {'cooling_schedule': array([     1,     11,     21, ..., 999971, 999981, 999991])}, 'MCTS': {'RS_iters': 5000, 'mcts_iters': 100, 'eps': 0.05, 'lr': 0.1, 'flag': 'MCTS'}, 'SA': {'RS_iters': 5000, 'sa_iters': 100, 'eps': 0.05, 'lr': 0.1, 'flag': 'SA'}, 'RME': {'N': 100}}",-8.1792862126
7,300,18.2652562619,"[6, 9, 23, 22, 22, 18, 22, 4, 2, 16]",RME,rep,10,30,10,0.9500000000000001,10000,336.6744606495,"{'APS': {'cooling_schedule': array([     1,     11,     21, ..., 999971, 999981, 999991])}, 'MCTS': {'RS_iters': 5000, 'mcts_iters': 100, 'eps': 0.05, 'lr': 0.1, 'flag': 'MCTS'}, 'SA': {'RS_iters': 5000, 'sa_iters': 100, 'eps': 0.05, 'lr': 0.1, 'flag': 'SA'}, 'RME': {'N': 100}}",-7.7347437381
7,315,17.4182491718,"[3, 29, 3, 18, 29, 25, 0, 14, 11, 19]",RME,rep,10,30,10,0.9500000000000001,10000,351.1716110706,"{'APS': {'cooling_schedule': array([     1,     11,     21, ..., 999971, 999981, 999991])}, 'MCTS': {'RS_iters': 5000, 'mcts_iters': 100, 'eps': 0.05, 'lr': 0.1, 'flag': 'MCTS'}, 'SA': {'RS_iters': 5000, 'sa_iters': 100, 'eps': 0.05, 'lr': 0.1, 'flag': 'SA'}, 'RME': {'N': 100}}",-8.5817508282
7,330,17.7026372778,"[0, 29, 19, 4, 12, 10, 0, 4, 11, 27]",RME,rep,10,30,10,0.9500000000000001,10000,366.0106134415,"{'APS': {'cooling_schedule': array([     1,     11,     21, ..., 999971, 999981, 999991])}, 'MCTS': {'RS_iters': 5000, 'mcts_iters': 100, 'eps': 0.05, 'lr': 0.1, 'flag': 'MCTS'}, 'SA': {'RS_iters': 5000, 'sa_iters': 100, 'eps': 0.05, 'lr': 0.1, 'flag': 'SA'}, 'RME': {'N': 100}}",-8.2973627222
7,345,17.8095786608,"[0, 13, 0, 19, 15, 24, 0, 4, 21, 1]",RME,rep,10,30,10,0.9500000000000001,10000,381.0537524223,"{'APS': {'cooling_schedule': array([     1,     11,     21, ..., 999971, 999981, 999991])}, 'MCTS': {'RS_iters': 5000, 'mcts_iters': 100, 'eps': 0.05, 'lr': 0.1, 'flag': 'MCTS'}, 'SA': {'RS_iters': 5000, 'sa_iters': 100, 'eps': 0.05, 'lr': 0.1, 'flag': 'SA'}, 'RME': {'N': 100}}",-8.1904213392
7,360,17.5742467718,"[6, 14, 22, 8, 13, 10, 14, 5, 12, 15]",RME,rep,10,30,10,0.9500000000000001,10000,396.7978906631,"{'APS': {'cooling_schedule': array([     1,     11,     21, ..., 999971, 999981, 999991])}, 'MCTS': {'RS_iters': 5000, 'mcts_iters': 100, 'eps': 0.05, 'lr': 0.1, 'flag': 'MCTS'}, 'SA': {'RS_iters': 5000, 'sa_iters': 100, 'eps': 0.05, 'lr': 0.1, 'flag': 'SA'}, 'RME': {'N': 100}}",-8.4257532282
7,375,18.3609350909,"[4, 16, 22, 19, 14, 1, 27, 4, 11, 7]",RME,rep,10,30,10,0.9500000000000001,10000,410.8316586018,"{'APS': {'cooling_schedule': array([     1,     11,     21, ..., 999971, 999981, 999991])}, 'MCTS': {'RS_iters': 5000, 'mcts_iters': 100, 'eps': 0.05, 'lr': 0.1, 'flag': 'MCTS'}, 'SA': {'RS_iters': 5000, 'sa_iters': 100, 'eps': 0.05, 'lr': 0.1, 'flag': 'SA'}, 'RME': {'N': 100}}",-7.6390649091
7,390,18.3657945694,"[12, 9, 2, 21, 12, 12, 13, 4, 11, 20]",RME,rep,10,30,10,0.9500000000000001,10000,425.9252414703,"{'APS': {'cooling_schedule': array([     1,     11,     21, ..., 999971, 999981, 999991])}, 'MCTS': {'RS_iters': 5000, 'mcts_iters': 100, 'eps': 0.05, 'lr': 0.1, 'flag': 'MCTS'}, 'SA': {'RS_iters': 5000, 'sa_iters': 100, 'eps': 0.05, 'lr': 0.1, 'flag': 'SA'}, 'RME': {'N': 100}}",-7.6342054306
7,405,18.3549163916,"[7, 1, 27, 19, 13, 29, 26, 4, 11, 9]",RME,rep,10,30,10,0.9500000000000001,10000,440.2408821583,"{'APS': {'cooling_schedule': array([     1,     11,     21, ..., 999971, 999981, 999991])}, 'MCTS': {'RS_iters': 5000, 'mcts_iters': 100, 'eps': 0.05, 'lr': 0.1, 'flag': 'MCTS'}, 'SA': {'RS_iters': 5000, 'sa_iters': 100, 'eps': 0.05, 'lr': 0.1, 'flag': 'SA'}, 'RME': {'N': 100}}",-7.6450836084
7,420,17.7513569449,"[17, 19, 3, 19, 3, 24, 12, 29, 11, 8]",RME,rep,10,30,10,0.9500000000000001,10000,455.2870903015,"{'APS': {'cooling_schedule': array([     1,     11,     21, ..., 999971, 999981, 999991])}, 'MCTS': {'RS_iters': 5000, 'mcts_iters': 100, 'eps': 0.05, 'lr': 0.1, 'flag': 'MCTS'}, 'SA': {'RS_iters': 5000, 'sa_iters': 100, 'eps': 0.05, 'lr': 0.1, 'flag': 'SA'}, 'RME': {'N': 100}}",-8.2486430551
7,435,17.5109286795,"[1, 9, 4, 1, 13, 0, 7, 11, 29, 28]",RME,rep,10,30,10,0.9500000000000001,10000,470.7352020741,"{'APS': {'cooling_schedule': array([     1,     11,     21, ..., 999971, 999981, 999991])}, 'MCTS': {'RS_iters': 5000, 'mcts_iters': 100, 'eps': 0.05, 'lr': 0.1, 'flag': 'MCTS'}, 'SA': {'RS_iters': 5000, 'sa_iters': 100, 'eps': 0.05, 'lr': 0.1, 'flag': 'SA'}, 'RME': {'N': 100}}",-8.4890713205
7,450,18.1713473245,"[6, 10, 3, 10, 16, 5, 6, 19, 11, 20]",RME,rep,10,30,10,0.9500000000000001,10000,486.2899212837,"{'APS': {'cooling_schedule': array([     1,     11,     21, ..., 999971, 999981, 999991])}, 'MCTS': {'RS_iters': 5000, 'mcts_iters': 100, 'eps': 0.05, 'lr': 0.1, 'flag': 'MCTS'}, 'SA': {'RS_iters': 5000, 'sa_iters': 100, 'eps': 0.05, 'lr': 0.1, 'flag': 'SA'}, 'RME': {'N': 100}}",-7.8286526755
7,465,18.2307099759,"[25, 11, 21, 18, 2, 23, 14, 4, 11, 5]",RME,rep,10,30,10,0.9500000000000001,10000,501.43978405,"{'APS': {'cooling_schedule': array([     1,     11,     21, ..., 999971, 999981, 999991])}, 'MCTS': {'RS_iters': 5000, 'mcts_iters': 100, 'eps': 0.05, 'lr': 0.1, 'flag': 'MCTS'}, 'SA': {'RS_iters': 5000, 'sa_iters': 100, 'eps': 0.05, 'lr': 0.1, 'flag': 'SA'}, 'RME': {'N': 100}}",-7.7692900241
7,480,18.1775095042,"[22, 2, 28, 19, 20, 22, 11, 4, 13, 28]",RME,rep,10,30,10,0.9500000000000001,10000,516.2526214123,"{'APS': {'cooling_schedule': array([     1,     11,     21, ..., 999971, 999981, 999991])}, 'MCTS': {'RS_iters': 5000, 'mcts_iters': 100, 'eps': 0.05, 'lr': 0.1, 'flag': 'MCTS'}, 'SA': {'RS_iters': 5000, 'sa_iters': 100, 'eps': 0.05, 'lr': 0.1, 'flag': 'SA'}, 'RME': {'N': 100}}",-7.8224904958
7,495,18.2862199235,"[6, 27, 24, 27, 14, 6, 14, 10, 11, 17]",RME,rep,10,30,10,0.9500000000000001,10000,530.9735431671,"{'APS': {'cooling_schedule': array([     1,     11,     21, ..., 999971, 999981, 999991])}, 'MCTS': {'RS_iters': 5000, 'mcts_iters': 100, 'eps': 0.05, 'lr': 0.1, 'flag': 'MCTS'}, 'SA': {'RS_iters': 5000, 'sa_iters': 100, 'eps': 0.05, 'lr': 0.1, 'flag': 'SA'}, 'RME': {'N': 100}}",-7.7137800765
7,510,18.1217599126,"[6, 9, 23, 26, 6, 9, 19, 16, 27, 28]",RME,rep,10,30,10,0.9500000000000001,10000,546.9026052952,"{'APS': {'cooling_schedule': array([     1,     11,     21, ..., 999971, 999981, 999991])}, 'MCTS': {'RS_iters': 5000, 'mcts_iters': 100, 'eps': 0.05, 'lr': 0.1, 'flag': 'MCTS'}, 'SA': {'RS_iters': 5000, 'sa_iters': 100, 'eps': 0.05, 'lr': 0.1, 'flag': 'SA'}, 'RME': {'N': 100}}",-7.8782400874
7,525,18.2104505149,"[28, 18, 8, 19, 20, 19, 26, 4, 11, 20]",RME,rep,10,30,10,0.9500000000000001,10000,560.9618017673,"{'APS': {'cooling_schedule': array([     1,     11,     21, ..., 999971, 999981, 999991])}, 'MCTS': {'RS_iters': 5000, 'mcts_iters': 100, 'eps': 0.05, 'lr': 0.1, 'flag': 'MCTS'}, 'SA': {'RS_iters': 5000, 'sa_iters': 100, 'eps': 0.05, 'lr': 0.1, 'flag': 'SA'}, 'RME': {'N': 100}}",-7.7895494851
7,540,18.1351373242,"[23, 14, 18, 19, 25, 23, 25, 11, 11, 28]",RME,rep,10,30,10,0.9500000000000001,10000,575.8332378864,"{'APS': {'cooling_schedule': array([     1,     11,     21, ..., 999971, 999981, 999991])}, 'MCTS': {'RS_iters': 5000, 'mcts_iters': 100, 'eps': 0.05, 'lr': 0.1, 'flag': 'MCTS'}, 'SA': {'RS_iters': 5000, 'sa_iters': 100, 'eps': 0.05, 'lr': 0.1, 'flag': 'SA'}, 'RME': {'N': 100}}",-7.8648626757999995
7,555,17.4208280872,"[6, 29, 17, 21, 13, 29, 12, 14, 24, 28]",RME,rep,10,30,10,0.9500000000000001,10000,590.555403471,"{'APS': {'cooling_schedule': array([     1,     11,     21, ..., 999971, 999981, 999991])}, 'MCTS': {'RS_iters': 5000, 'mcts_iters': 100, 'eps': 0.05, 'lr': 0.1, 'flag': 'MCTS'}, 'SA': {'RS_iters': 5000, 'sa_iters': 100, 'eps': 0.05, 'lr': 0.1, 'flag': 'SA'}, 'RME': {'N': 100}}",-8.5791719128
7,570,17.3577395337,"[11, 27, 4, 8, 14, 4, 14, 1, 0, 28]",RME,rep,10,30,10,0.9500000000000001,10000,605.5353271961,"{'APS': {'cooling_schedule': array([     1,     11,     21, ..., 999971, 999981, 999991])}, 'MCTS': {'RS_iters': 5000, 'mcts_iters': 100, 'eps': 0.05, 'lr': 0.1, 'flag': 'MCTS'}, 'SA': {'RS_iters': 5000, 'sa_iters': 100, 'eps': 0.05, 'lr': 0.1, 'flag': 'SA'}, 'RME': {'N': 100}}",-8.6422604663
7,585,17.6189983044,"[6, 8, 11, 2, 15, 4, 14, 4, 14, 6]",RME,rep,10,30,10,0.9500000000000001,10000,621.7259626389,"{'APS': {'cooling_schedule': array([     1,     11,     21, ..., 999971, 999981, 999991])}, 'MCTS': {'RS_iters': 5000, 'mcts_iters': 100, 'eps': 0.05, 'lr': 0.1, 'flag': 'MCTS'}, 'SA': {'RS_iters': 5000, 'sa_iters': 100, 'eps': 0.05, 'lr': 0.1, 'flag': 'SA'}, 'RME': {'N': 100}}",-8.3810016956
7,600,17.9610844541,"[22, 9, 22, 19, 24, 3, 7, 4, 14, 2]",RME,rep,10,30,10,0.9500000000000001,10000,636.2259933949,"{'APS': {'cooling_schedule': array([     1,     11,     21, ..., 999971, 999981, 999991])}, 'MCTS': {'RS_iters': 5000, 'mcts_iters': 100, 'eps': 0.05, 'lr': 0.1, 'flag': 'MCTS'}, 'SA': {'RS_iters': 5000, 'sa_iters': 100, 'eps': 0.05, 'lr': 0.1, 'flag': 'SA'}, 'RME': {'N': 100}}",-8.0389155459
7,615,18.3224632533,"[2, 6, 3, 4, 14, 29, 3, 4, 8, 28]",RME,rep,10,30,10,0.9500000000000001,10000,651.4111716747,"{'APS': {'cooling_schedule': array([     1,     11,     21, ..., 999971, 999981, 999991])}, 'MCTS': {'RS_iters': 5000, 'mcts_iters': 100, 'eps': 0.05, 'lr': 0.1, 'flag': 'MCTS'}, 'SA': {'RS_iters': 5000, 'sa_iters': 100, 'eps': 0.05, 'lr': 0.1, 'flag': 'SA'}, 'RME': {'N': 100}}",-7.6775367466999995
7,630,18.3835234857,"[21, 29, 3, 20, 22, 19, 2, 21, 11, 28]",RME,rep,10,30,10,0.9500000000000001,10000,666.2992663383,"{'APS': {'cooling_schedule': array([     1,     11,     21, ..., 999971, 999981, 999991])}, 'MCTS': {'RS_iters': 5000, 'mcts_iters': 100, 'eps': 0.05, 'lr': 0.1, 'flag': 'MCTS'}, 'SA': {'RS_iters': 5000, 'sa_iters': 100, 'eps': 0.05, 'lr': 0.1, 'flag': 'SA'}, 'RME': {'N': 100}}",-7.6164765143
7,645,17.8010280027,"[4, 9, 4, 22, 29, 13, 14, 4, 4, 25]",RME,rep,10,30,10,0.9500000000000001,10000,680.6377434731,"{'APS': {'cooling_schedule': array([     1,     11,     21, ..., 999971, 999981, 999991])}, 'MCTS': {'RS_iters': 5000, 'mcts_iters': 100, 'eps': 0.05, 'lr': 0.1, 'flag': 'MCTS'}, 'SA': {'RS_iters': 5000, 'sa_iters': 100, 'eps': 0.05, 'lr': 0.1, 'flag': 'SA'}, 'RME': {'N': 100}}",-8.1989719973
7,660,18.2307481855,"[24, 9, 13, 19, 6, 23, 13, 25, 5, 28]",RME,rep,10,30,10,0.9500000000000001,10000,697.0907111168,"{'APS': {'cooling_schedule': array([     1,     11,     21, ..., 999971, 999981, 999991])}, 'MCTS': {'RS_iters': 5000, 'mcts_iters': 100, 'eps': 0.05, 'lr': 0.1, 'flag': 'MCTS'}, 'SA': {'RS_iters': 5000, 'sa_iters': 100, 'eps': 0.05, 'lr': 0.1, 'flag': 'SA'}, 'RME': {'N': 100}}",-7.7692518145000005
7,675,18.404260806,"[9, 19, 3, 19, 4, 24, 20, 13, 11, 28]",RME,rep,10,30,10,0.9500000000000001,10000,711.1459200382,"{'APS': {'cooling_schedule': array([     1,     11,     21, ..., 999971, 999981, 999991])}, 'MCTS': {'RS_iters': 5000, 'mcts_iters': 100, 'eps': 0.05, 'lr': 0.1, 'flag': 'MCTS'}, 'SA': {'RS_iters': 5000, 'sa_iters': 100, 'eps': 0.05, 'lr': 0.1, 'flag': 'SA'}, 'RME': {'N': 100}}",-7.595739194
7,690,17.6775106236,"[6, 22, 28, 23, 7, 19, 0, 4, 18, 28]",RME,rep,10,30,10,0.9500000000000001,10000,725.6758751869,"{'APS': {'cooling_schedule': array([     1,     11,     21, ..., 999971, 999981, 999991])}, 'MCTS': {'RS_iters': 5000, 'mcts_iters': 100, 'eps': 0.05, 'lr': 0.1, 'flag': 'MCTS'}, 'SA': {'RS_iters': 5000, 'sa_iters': 100, 'eps': 0.05, 'lr': 0.1, 'flag': 'SA'}, 'RME': {'N': 100}}",-8.3224893764
7,705,17.8114797368,"[6, 9, 26, 24, 29, 24, 1, 3, 8, 6]",RME,rep,10,30,10,0.9500000000000001,10000,740.4447534084,"{'APS': {'cooling_schedule': array([     1,     11,     21, ..., 999971, 999981, 999991])}, 'MCTS': {'RS_iters': 5000, 'mcts_iters': 100, 'eps': 0.05, 'lr': 0.1, 'flag': 'MCTS'}, 'SA': {'RS_iters': 5000, 'sa_iters': 100, 'eps': 0.05, 'lr': 0.1, 'flag': 'SA'}, 'RME': {'N': 100}}",-8.1885202632
7,720,17.767975277,"[27, 9, 22, 16, 12, 24, 6, 0, 6, 28]",RME,rep,10,30,10,0.9500000000000001,10000,755.5809941292,"{'APS': {'cooling_schedule': array([     1,     11,     21, ..., 999971, 999981, 999991])}, 'MCTS': {'RS_iters': 5000, 'mcts_iters': 100, 'eps': 0.05, 'lr': 0.1, 'flag': 'MCTS'}, 'SA': {'RS_iters': 5000, 'sa_iters': 100, 'eps': 0.05, 'lr': 0.1, 'flag': 'SA'}, 'RME': {'N': 100}}",-8.232024723
7,735,18.0119817719,"[12, 24, 3, 9, 29, 24, 3, 7, 11, 27]",RME,rep,10,30,10,0.9500000000000001,10000,771.6764724255,"{'APS': {'cooling_schedule': array([     1,     11,     21, ..., 999971, 999981, 999991])}, 'MCTS': {'RS_iters': 5000, 'mcts_iters': 100, 'eps': 0.05, 'lr': 0.1, 'flag': 'MCTS'}, 'SA': {'RS_iters': 5000, 'sa_iters': 100, 'eps': 0.05, 'lr': 0.1, 'flag': 'SA'}, 'RME': {'N': 100}}",-7.9880182281
7,750,18.4677933066,"[22, 16, 6, 19, 13, 27, 14, 26, 11, 10]",RME,rep,10,30,10,0.9500000000000001,10000,786.280919075,"{'APS': {'cooling_schedule': array([     1,     11,     21, ..., 999971, 999981, 999991])}, 'MCTS': {'RS_iters': 5000, 'mcts_iters': 100, 'eps': 0.05, 'lr': 0.1, 'flag': 'MCTS'}, 'SA': {'RS_iters': 5000, 'sa_iters': 100, 'eps': 0.05, 'lr': 0.1, 'flag': 'SA'}, 'RME': {'N': 100}}",-7.5322066934
7,765,18.2380668126,"[9, 9, 4, 22, 29, 22, 19, 19, 11, 28]",RME,rep,10,30,10,0.9500000000000001,10000,800.9885191917,"{'APS': {'cooling_schedule': array([     1,     11,     21, ..., 999971, 999981, 999991])}, 'MCTS': {'RS_iters': 5000, 'mcts_iters': 100, 'eps': 0.05, 'lr': 0.1, 'flag': 'MCTS'}, 'SA': {'RS_iters': 5000, 'sa_iters': 100, 'eps': 0.05, 'lr': 0.1, 'flag': 'SA'}, 'RME': {'N': 100}}",-7.7619331874
7,780,18.5790603377,"[5, 18, 9, 19, 12, 10, 12, 4, 8, 28]",RME,rep,10,30,10,0.9500000000000001,10000,816.1434345245,"{'APS': {'cooling_schedule': array([     1,     11,     21, ..., 999971, 999981, 999991])}, 'MCTS': {'RS_iters': 5000, 'mcts_iters': 100, 'eps': 0.05, 'lr': 0.1, 'flag': 'MCTS'}, 'SA': {'RS_iters': 5000, 'sa_iters': 100, 'eps': 0.05, 'lr': 0.1, 'flag': 'SA'}, 'RME': {'N': 100}}",-7.4209396623
7,795,18.6863924522,"[13, 9, 9, 19, 7, 29, 14, 16, 11, 1]",RME,rep,10,30,10,0.9500000000000001,10000,831.0345830917,"{'APS': {'cooling_schedule': array([     1,     11,     21, ..., 999971, 999981, 999991])}, 'MCTS': {'RS_iters': 5000, 'mcts_iters': 100, 'eps': 0.05, 'lr': 0.1, 'flag': 'MCTS'}, 'SA': {'RS_iters': 5000, 'sa_iters': 100, 'eps': 0.05, 'lr': 0.1, 'flag': 'SA'}, 'RME': {'N': 100}}",-7.3136075478
7,810,18.4805731642,"[6, 9, 2, 8, 29, 27, 29, 7, 17, 28]",RME,rep,10,30,10,0.9500000000000001,10000,847.2010345459,"{'APS': {'cooling_schedule': array([     1,     11,     21, ..., 999971, 999981, 999991])}, 'MCTS': {'RS_iters': 5000, 'mcts_iters': 100, 'eps': 0.05, 'lr': 0.1, 'flag': 'MCTS'}, 'SA': {'RS_iters': 5000, 'sa_iters': 100, 'eps': 0.05, 'lr': 0.1, 'flag': 'SA'}, 'RME': {'N': 100}}",-7.5194268358
7,825,17.7113266676,"[22, 3, 7, 19, 22, 24, 29, 24, 20, 28]",RME,rep,10,30,10,0.9500000000000001,10000,861.0463790894,"{'APS': {'cooling_schedule': array([     1,     11,     21, ..., 999971, 999981, 999991])}, 'MCTS': {'RS_iters': 5000, 'mcts_iters': 100, 'eps': 0.05, 'lr': 0.1, 'flag': 'MCTS'}, 'SA': {'RS_iters': 5000, 'sa_iters': 100, 'eps': 0.05, 'lr': 0.1, 'flag': 'SA'}, 'RME': {'N': 100}}",-8.2886733324
7,840,18.3717379834,"[6, 7, 0, 19, 14, 14, 25, 7, 28, 28]",RME,rep,10,30,10,0.9500000000000001,10000,876.0090696812,"{'APS': {'cooling_schedule': array([     1,     11,     21, ..., 999971, 999981, 999991])}, 'MCTS': {'RS_iters': 5000, 'mcts_iters': 100, 'eps': 0.05, 'lr': 0.1, 'flag': 'MCTS'}, 'SA': {'RS_iters': 5000, 'sa_iters': 100, 'eps': 0.05, 'lr': 0.1, 'flag': 'SA'}, 'RME': {'N': 100}}",-7.6282620166
7,855,18.3022332571,"[6, 0, 7, 10, 24, 24, 12, 5, 11, 28]",RME,rep,10,30,10,0.9500000000000001,10000,890.1281859875,"{'APS': {'cooling_schedule': array([     1,     11,     21, ..., 999971, 999981, 999991])}, 'MCTS': {'RS_iters': 5000, 'mcts_iters': 100, 'eps': 0.05, 'lr': 0.1, 'flag': 'MCTS'}, 'SA': {'RS_iters': 5000, 'sa_iters': 100, 'eps': 0.05, 'lr': 0.1, 'flag': 'SA'}, 'RME': {'N': 100}}",-7.6977667429
7,870,17.7669455701,"[25, 24, 3, 1, 20, 24, 19, 5, 25, 28]",RME,rep,10,30,10,0.9500000000000001,10000,904.7532632351,"{'APS': {'cooling_schedule': array([     1,     11,     21, ..., 999971, 999981, 999991])}, 'MCTS': {'RS_iters': 5000, 'mcts_iters': 100, 'eps': 0.05, 'lr': 0.1, 'flag': 'MCTS'}, 'SA': {'RS_iters': 5000, 'sa_iters': 100, 'eps': 0.05, 'lr': 0.1, 'flag': 'SA'}, 'RME': {'N': 100}}",-8.2330544299
7,885,19.3233450898,"[6, 1, 3, 19, 20, 19, 28, 10, 11, 26]",RME,rep,10,30,10,0.9500000000000001,10000,920.9299871922,"{'APS': {'cooling_schedule': array([     1,     11,     21, ..., 999971, 999981, 999991])}, 'MCTS': {'RS_iters': 5000, 'mcts_iters': 100, 'eps': 0.05, 'lr': 0.1, 'flag': 'MCTS'}, 'SA': {'RS_iters': 5000, 'sa_iters': 100, 'eps': 0.05, 'lr': 0.1, 'flag': 'SA'}, 'RME': {'N': 100}}",-6.6766549102
7,900,18.3562160021,"[27, 9, 2, 3, 29, 24, 4, 2, 20, 28]",RME,rep,10,30,10,0.9500000000000001,10000,936.0316593647,"{'APS': {'cooling_schedule': array([     1,     11,     21, ..., 999971, 999981, 999991])}, 'MCTS': {'RS_iters': 5000, 'mcts_iters': 100, 'eps': 0.05, 'lr': 0.1, 'flag': 'MCTS'}, 'SA': {'RS_iters': 5000, 'sa_iters': 100, 'eps': 0.05, 'lr': 0.1, 'flag': 'SA'}, 'RME': {'N': 100}}",-7.6437839979
7,915,18.1735241541,"[6, 22, 3, 21, 25, 17, 18, 4, 24, 5]",RME,rep,10,30,10,0.9500000000000001,10000,950.9330875874,"{'APS': {'cooling_schedule': array([     1,     11,     21, ..., 999971, 999981, 999991])}, 'MCTS': {'RS_iters': 5000, 'mcts_iters': 100, 'eps': 0.05, 'lr': 0.1, 'flag': 'MCTS'}, 'SA': {'RS_iters': 5000, 'sa_iters': 100, 'eps': 0.05, 'lr': 0.1, 'flag': 'SA'}, 'RME': {'N': 100}}",-7.8264758459
7,930,17.250327334,"[14, 2, 20, 19, 6, 26, 21, 25, 19, 28]",RME,rep,10,30,10,0.9500000000000001,10000,965.9023303986,"{'APS': {'cooling_schedule': array([     1,     11,     21, ..., 999971, 999981, 999991])}, 'MCTS': {'RS_iters': 5000, 'mcts_iters': 100, 'eps': 0.05, 'lr': 0.1, 'flag': 'MCTS'}, 'SA': {'RS_iters': 5000, 'sa_iters': 100, 'eps': 0.05, 'lr': 0.1, 'flag': 'SA'}, 'RME': {'N': 100}}",-8.749672666
7,945,18.3750233382,"[6, 27, 3, 25, 29, 27, 24, 24, 29, 28]",RME,rep,10,30,10,0.9500000000000001,10000,980.6340436935,"{'APS': {'cooling_schedule': array([     1,     11,     21, ..., 999971, 999981, 999991])}, 'MCTS': {'RS_iters': 5000, 'mcts_iters': 100, 'eps': 0.05, 'lr': 0.1, 'flag': 'MCTS'}, 'SA': {'RS_iters': 5000, 'sa_iters': 100, 'eps': 0.05, 'lr': 0.1, 'flag': 'SA'}, 'RME': {'N': 100}}",-7.6249766618
7,960,17.9653899884,"[6, 9, 24, 15, 18, 23, 29, 13, 11, 19]",RME,rep,10,30,10,0.9500000000000001,10000,996.6854557991,"{'APS': {'cooling_schedule': array([     1,     11,     21, ..., 999971, 999981, 999991])}, 'MCTS': {'RS_iters': 5000, 'mcts_iters': 100, 'eps': 0.05, 'lr': 0.1, 'flag': 'MCTS'}, 'SA': {'RS_iters': 5000, 'sa_iters': 100, 'eps': 0.05, 'lr': 0.1, 'flag': 'SA'}, 'RME': {'N': 100}}",-8.0346100116
7,975,18.1105647433,"[24, 24, 18, 20, 20, 8, 2, 4, 11, 28]",RME,rep,10,30,10,0.9500000000000001,10000,1010.4986867905,"{'APS': {'cooling_schedule': array([     1,     11,     21, ..., 999971, 999981, 999991])}, 'MCTS': {'RS_iters': 5000, 'mcts_iters': 100, 'eps': 0.05, 'lr': 0.1, 'flag': 'MCTS'}, 'SA': {'RS_iters': 5000, 'sa_iters': 100, 'eps': 0.05, 'lr': 0.1, 'flag': 'SA'}, 'RME': {'N': 100}}",-7.8894352567
7,990,18.3988736169,"[6, 27, 17, 25, 14, 4, 20, 4, 10, 28]",RME,rep,10,30,10,0.9500000000000001,10000,1025.7017540932,"{'APS': {'cooling_schedule': array([     1,     11,     21, ..., 999971, 999981, 999991])}, 'MCTS': {'RS_iters': 5000, 'mcts_iters': 100, 'eps': 0.05, 'lr': 0.1, 'flag': 'MCTS'}, 'SA': {'RS_iters': 5000, 'sa_iters': 100, 'eps': 0.05, 'lr': 0.1, 'flag': 'SA'}, 'RME': {'N': 100}}",-7.6011263831
7,1005,18.0142542254,"[6, 15, 3, 3, 20, 8, 14, 24, 26, 7]",RME,rep,10,30,10,0.9500000000000001,10000,1039.879812479,"{'APS': {'cooling_schedule': array([     1,     11,     21, ..., 999971, 999981, 999991])}, 'MCTS': {'RS_iters': 5000, 'mcts_iters': 100, 'eps': 0.05, 'lr': 0.1, 'flag': 'MCTS'}, 'SA': {'RS_iters': 5000, 'sa_iters': 100, 'eps': 0.05, 'lr': 0.1, 'flag': 'SA'}, 'RME': {'N': 100}}",-7.9857457746
7,1020,18.2788894182,"[13, 24, 3, 19, 29, 3, 10, 6, 11, 17]",RME,rep,10,30,10,0.9500000000000001,10000,1054.8093473911,"{'APS': {'cooling_schedule': array([     1,     11,     21, ..., 999971, 999981, 999991])}, 'MCTS': {'RS_iters': 5000, 'mcts_iters': 100, 'eps': 0.05, 'lr': 0.1, 'flag': 'MCTS'}, 'SA': {'RS_iters': 5000, 'sa_iters': 100, 'eps': 0.05, 'lr': 0.1, 'flag': 'SA'}, 'RME': {'N': 100}}",-7.7211105818
7,1035,17.6599772103,"[5, 9, 3, 23, 13, 24, 3, 19, 23, 2]",RME,rep,10,30,10,0.9500000000000001,10000,1070.8989436626,"{'APS': {'cooling_schedule': array([     1,     11,     21, ..., 999971, 999981, 999991])}, 'MCTS': {'RS_iters': 5000, 'mcts_iters': 100, 'eps': 0.05, 'lr': 0.1, 'flag': 'MCTS'}, 'SA': {'RS_iters': 5000, 'sa_iters': 100, 'eps': 0.05, 'lr': 0.1, 'flag': 'SA'}, 'RME': {'N': 100}}",-8.3400227897
7,1050,18.2173413979,"[6, 14, 8, 19, 25, 18, 16, 4, 18, 20]",RME,rep,10,30,10,0.9500000000000001,10000,1086.4662315845,"{'APS': {'cooling_schedule': array([     1,     11,     21, ..., 999971, 999981, 999991])}, 'MCTS': {'RS_iters': 5000, 'mcts_iters': 100, 'eps': 0.05, 'lr': 0.1, 'flag': 'MCTS'}, 'SA': {'RS_iters': 5000, 'sa_iters': 100, 'eps': 0.05, 'lr': 0.1, 'flag': 'SA'}, 'RME': {'N': 100}}",-7.7826586021
7,1065,18.2608051009,"[1, 9, 21, 20, 6, 6, 14, 16, 11, 6]",RME,rep,10,30,10,0.9500000000000001,10000,1100.6137354374,"{'APS': {'cooling_schedule': array([     1,     11,     21, ..., 999971, 999981, 999991])}, 'MCTS': {'RS_iters': 5000, 'mcts_iters': 100, 'eps': 0.05, 'lr': 0.1, 'flag': 'MCTS'}, 'SA': {'RS_iters': 5000, 'sa_iters': 100, 'eps': 0.05, 'lr': 0.1, 'flag': 'SA'}, 'RME': {'N': 100}}",-7.7391948991
7,1080,18.1150537215,"[10, 14, 3, 3, 28, 4, 14, 10, 1, 28]",RME,rep,10,30,10,0.9500000000000001,10000,1115.6609070301,"{'APS': {'cooling_schedule': array([     1,     11,     21, ..., 999971, 999981, 999991])}, 'MCTS': {'RS_iters': 5000, 'mcts_iters': 100, 'eps': 0.05, 'lr': 0.1, 'flag': 'MCTS'}, 'SA': {'RS_iters': 5000, 'sa_iters': 100, 'eps': 0.05, 'lr': 0.1, 'flag': 'SA'}, 'RME': {'N': 100}}",-7.8849462785
7,1095,18.266339101,"[10, 15, 3, 19, 29, 12, 24, 8, 10, 28]",RME,rep,10,30,10,0.9500000000000001,10000,1130.6788449287,"{'APS': {'cooling_schedule': array([     1,     11,     21, ..., 999971, 999981, 999991])}, 'MCTS': {'RS_iters': 5000, 'mcts_iters': 100, 'eps': 0.05, 'lr': 0.1, 'flag': 'MCTS'}, 'SA': {'RS_iters': 5000, 'sa_iters': 100, 'eps': 0.05, 'lr': 0.1, 'flag': 'SA'}, 'RME': {'N': 100}}",-7.733660899
7,1110,18.3320161778,"[0, 9, 7, 0, 6, 18, 14, 4, 7, 2]",RME,rep,10,30,10,0.9500000000000001,10000,1146.9090530872,"{'APS': {'cooling_schedule': array([     1,     11,     21, ..., 999971, 999981, 999991])}, 'MCTS': {'RS_iters': 5000, 'mcts_iters': 100, 'eps': 0.05, 'lr': 0.1, 'flag': 'MCTS'}, 'SA': {'RS_iters': 5000, 'sa_iters': 100, 'eps': 0.05, 'lr': 0.1, 'flag': 'SA'}, 'RME': {'N': 100}}",-7.6679838222
7,1125,18.34142449,"[6, 9, 19, 20, 20, 22, 3, 4, 2, 12]",RME,rep,10,30,10,0.9500000000000001,10000,1160.573764801,"{'APS': {'cooling_schedule': array([     1,     11,     21, ..., 999971, 999981, 999991])}, 'MCTS': {'RS_iters': 5000, 'mcts_iters': 100, 'eps': 0.05, 'lr': 0.1, 'flag': 'MCTS'}, 'SA': {'RS_iters': 5000, 'sa_iters': 100, 'eps': 0.05, 'lr': 0.1, 'flag': 'SA'}, 'RME': {'N': 100}}",-7.65857551
7,1140,19.4837681854,"[6, 9, 5, 19, 29, 10, 14, 7, 4, 20]",RME,rep,10,30,10,0.9500000000000001,10000,1175.5554990768,"{'APS': {'cooling_schedule': array([     1,     11,     21, ..., 999971, 999981, 999991])}, 'MCTS': {'RS_iters': 5000, 'mcts_iters': 100, 'eps': 0.05, 'lr': 0.1, 'flag': 'MCTS'}, 'SA': {'RS_iters': 5000, 'sa_iters': 100, 'eps': 0.05, 'lr': 0.1, 'flag': 'SA'}, 'RME': {'N': 100}}",-6.5162318146
7,1155,17.7373003052,"[20, 5, 11, 19, 9, 0, 14, 4, 4, 25]",RME,rep,10,30,10,0.9500000000000001,10000,1189.8367190361,"{'APS': {'cooling_schedule': array([     1,     11,     21, ..., 999971, 999981, 999991])}, 'MCTS': {'RS_iters': 5000, 'mcts_iters': 100, 'eps': 0.05, 'lr': 0.1, 'flag': 'MCTS'}, 'SA': {'RS_iters': 5000, 'sa_iters': 100, 'eps': 0.05, 'lr': 0.1, 'flag': 'SA'}, 'RME': {'N': 100}}",-8.2626996948
7,1170,18.2108956625,"[22, 3, 3, 16, 14, 4, 14, 4, 13, 29]",RME,rep,10,30,10,0.9500000000000001,10000,1205.055421114,"{'APS': {'cooling_schedule': array([     1,     11,     21, ..., 999971, 999981, 999991])}, 'MCTS': {'RS_iters': 5000, 'mcts_iters': 100, 'eps': 0.05, 'lr': 0.1, 'flag': 'MCTS'}, 'SA': {'RS_iters': 5000, 'sa_iters': 100, 'eps': 0.05, 'lr': 0.1, 'flag': 'SA'}, 'RME': {'N': 100}}",-7.7891043374999995
7,1185,18.2472533122,"[26, 20, 3, 19, 12, 15, 14, 29, 6, 13]",RME,rep,10,30,10,0.9500000000000001,10000,1220.9708170891,"{'APS': {'cooling_schedule': array([     1,     11,     21, ..., 999971, 999981, 999991])}, 'MCTS': {'RS_iters': 5000, 'mcts_iters': 100, 'eps': 0.05, 'lr': 0.1, 'flag': 'MCTS'}, 'SA': {'RS_iters': 5000, 'sa_iters': 100, 'eps': 0.05, 'lr': 0.1, 'flag': 'SA'}, 'RME': {'N': 100}}",-7.7527466878
7,1200,17.9769825367,"[6, 12, 17, 20, 24, 2, 12, 4, 11, 25]",RME,rep,10,30,10,0.9500000000000001,10000,1236.0006082058,"{'APS': {'cooling_schedule': array([     1,     11,     21, ..., 999971, 999981, 999991])}, 'MCTS': {'RS_iters': 5000, 'mcts_iters': 100, 'eps': 0.05, 'lr': 0.1, 'flag': 'MCTS'}, 'SA': {'RS_iters': 5000, 'sa_iters': 100, 'eps': 0.05, 'lr': 0.1, 'flag': 'SA'}, 'RME': {'N': 100}}",-8.0230174633
8,15,16.4763377112,"[12, 6, 2, 18, 29, 19, 14, 0, 23, 9]",RME,rep,10,30,10,0.9500000000000001,10000,51.0881807804,"{'APS': {'cooling_schedule': array([     1,     11,     21, ..., 999971, 999981, 999991])}, 'MCTS': {'RS_iters': 5000, 'mcts_iters': 100, 'eps': 0.05, 'lr': 0.1, 'flag': 'MCTS'}, 'SA': {'RS_iters': 5000, 'sa_iters': 100, 'eps': 0.05, 'lr': 0.1, 'flag': 'SA'}, 'RME': {'N': 100}}",-9.5236622888
8,30,16.3452188032,"[27, 3, 12, 7, 14, 4, 6, 17, 11, 1]",RME,rep,10,30,10,0.9500000000000001,10000,65.7626316547,"{'APS': {'cooling_schedule': array([     1,     11,     21, ..., 999971, 999981, 999991])}, 'MCTS': {'RS_iters': 5000, 'mcts_iters': 100, 'eps': 0.05, 'lr': 0.1, 'flag': 'MCTS'}, 'SA': {'RS_iters': 5000, 'sa_iters': 100, 'eps': 0.05, 'lr': 0.1, 'flag': 'SA'}, 'RME': {'N': 100}}",-9.6547811968
8,45,18.1228235577,"[6, 15, 15, 19, 14, 24, 7, 16, 10, 26]",RME,rep,10,30,10,0.9500000000000001,10000,80.760168314,"{'APS': {'cooling_schedule': array([     1,     11,     21, ..., 999971, 999981, 999991])}, 'MCTS': {'RS_iters': 5000, 'mcts_iters': 100, 'eps': 0.05, 'lr': 0.1, 'flag': 'MCTS'}, 'SA': {'RS_iters': 5000, 'sa_iters': 100, 'eps': 0.05, 'lr': 0.1, 'flag': 'SA'}, 'RME': {'N': 100}}",-7.8771764423
8,60,18.2810388669,"[6, 11, 13, 21, 13, 16, 15, 4, 11, 7]",RME,rep,10,30,10,0.9500000000000001,10000,96.0853204727,"{'APS': {'cooling_schedule': array([     1,     11,     21, ..., 999971, 999981, 999991])}, 'MCTS': {'RS_iters': 5000, 'mcts_iters': 100, 'eps': 0.05, 'lr': 0.1, 'flag': 'MCTS'}, 'SA': {'RS_iters': 5000, 'sa_iters': 100, 'eps': 0.05, 'lr': 0.1, 'flag': 'SA'}, 'RME': {'N': 100}}",-7.7189611331
8,75,17.3592019081,"[6, 11, 20, 19, 22, 18, 18, 29, 6, 22]",RME,rep,10,30,10,0.9500000000000001,10000,110.6592357159,"{'APS': {'cooling_schedule': array([     1,     11,     21, ..., 999971, 999981, 999991])}, 'MCTS': {'RS_iters': 5000, 'mcts_iters': 100, 'eps': 0.05, 'lr': 0.1, 'flag': 'MCTS'}, 'SA': {'RS_iters': 5000, 'sa_iters': 100, 'eps': 0.05, 'lr': 0.1, 'flag': 'SA'}, 'RME': {'N': 100}}",-8.6407980919
8,90,17.3872781126,"[0, 9, 3, 5, 3, 5, 15, 23, 11, 17]",RME,rep,10,30,10,0.9500000000000001,10000,125.6407055855,"{'APS': {'cooling_schedule': array([     1,     11,     21, ..., 999971, 999981, 999991])}, 'MCTS': {'RS_iters': 5000, 'mcts_iters': 100, 'eps': 0.05, 'lr': 0.1, 'flag': 'MCTS'}, 'SA': {'RS_iters': 5000, 'sa_iters': 100, 'eps': 0.05, 'lr': 0.1, 'flag': 'SA'}, 'RME': {'N': 100}}",-8.6127218874
8,105,17.7063940105,"[8, 9, 21, 17, 29, 24, 28, 27, 11, 22]",RME,rep,10,30,10,0.9500000000000001,10000,140.6286895275,"{'APS': {'cooling_schedule': array([     1,     11,     21, ..., 999971, 999981, 999991])}, 'MCTS': {'RS_iters': 5000, 'mcts_iters': 100, 'eps': 0.05, 'lr': 0.1, 'flag': 'MCTS'}, 'SA': {'RS_iters': 5000, 'sa_iters': 100, 'eps': 0.05, 'lr': 0.1, 'flag': 'SA'}, 'RME': {'N': 100}}",-8.2936059895
8,120,17.8855628799,"[19, 9, 1, 1, 6, 24, 14, 11, 24, 14]",RME,rep,10,30,10,0.9500000000000001,10000,155.7724881172,"{'APS': {'cooling_schedule': array([     1,     11,     21, ..., 999971, 999981, 999991])}, 'MCTS': {'RS_iters': 5000, 'mcts_iters': 100, 'eps': 0.05, 'lr': 0.1, 'flag': 'MCTS'}, 'SA': {'RS_iters': 5000, 'sa_iters': 100, 'eps': 0.05, 'lr': 0.1, 'flag': 'SA'}, 'RME': {'N': 100}}",-8.1144371201
8,135,16.8854459498,"[10, 21, 19, 19, 20, 7, 0, 23, 11, 0]",RME,rep,10,30,10,0.9500000000000001,10000,170.630808115,"{'APS': {'cooling_schedule': array([     1,     11,     21, ..., 999971, 999981, 999991])}, 'MCTS': {'RS_iters': 5000, 'mcts_iters': 100, 'eps': 0.05, 'lr': 0.1, 'flag': 'MCTS'}, 'SA': {'RS_iters': 5000, 'sa_iters': 100, 'eps': 0.05, 'lr': 0.1, 'flag': 'SA'}, 'RME': {'N': 100}}",-9.1145540502
8,150,17.2908375544,"[6, 0, 29, 18, 20, 23, 14, 2, 23, 15]",RME,rep,10,30,10,0.9500000000000001,10000,186.7420635223,"{'APS': {'cooling_schedule': array([     1,     11,     21, ..., 999971, 999981, 999991])}, 'MCTS': {'RS_iters': 5000, 'mcts_iters': 100, 'eps': 0.05, 'lr': 0.1, 'flag': 'MCTS'}, 'SA': {'RS_iters': 5000, 'sa_iters': 100, 'eps': 0.05, 'lr': 0.1, 'flag': 'SA'}, 'RME': {'N': 100}}",-8.7091624456
8,165,17.5599476961,"[6, 10, 19, 3, 13, 4, 2, 4, 10, 15]",RME,rep,10,30,10,0.9500000000000001,10000,200.7010481358,"{'APS': {'cooling_schedule': array([     1,     11,     21, ..., 999971, 999981, 999991])}, 'MCTS': {'RS_iters': 5000, 'mcts_iters': 100, 'eps': 0.05, 'lr': 0.1, 'flag': 'MCTS'}, 'SA': {'RS_iters': 5000, 'sa_iters': 100, 'eps': 0.05, 'lr': 0.1, 'flag': 'SA'}, 'RME': {'N': 100}}",-8.4400523039
8,180,17.4469454465,"[10, 9, 7, 10, 13, 19, 21, 6, 1, 28]",RME,rep,10,30,10,0.9500000000000001,10000,215.7750656605,"{'APS': {'cooling_schedule': array([     1,     11,     21, ..., 999971, 999981, 999991])}, 'MCTS': {'RS_iters': 5000, 'mcts_iters': 100, 'eps': 0.05, 'lr': 0.1, 'flag': 'MCTS'}, 'SA': {'RS_iters': 5000, 'sa_iters': 100, 'eps': 0.05, 'lr': 0.1, 'flag': 'SA'}, 'RME': {'N': 100}}",-8.5530545535
8,195,18.3089005674,"[6, 10, 4, 18, 16, 10, 3, 4, 11, 11]",RME,rep,10,30,10,0.9500000000000001,10000,230.4293913841,"{'APS': {'cooling_schedule': array([     1,     11,     21, ..., 999971, 999981, 999991])}, 'MCTS': {'RS_iters': 5000, 'mcts_iters': 100, 'eps': 0.05, 'lr': 0.1, 'flag': 'MCTS'}, 'SA': {'RS_iters': 5000, 'sa_iters': 100, 'eps': 0.05, 'lr': 0.1, 'flag': 'SA'}, 'RME': {'N': 100}}",-7.6910994326
8,210,18.0731173714,"[20, 2, 4, 19, 4, 10, 21, 2, 11, 28]",RME,rep,10,30,10,0.9500000000000001,10000,246.0109920502,"{'APS': {'cooling_schedule': array([     1,     11,     21, ..., 999971, 999981, 999991])}, 'MCTS': {'RS_iters': 5000, 'mcts_iters': 100, 'eps': 0.05, 'lr': 0.1, 'flag': 'MCTS'}, 'SA': {'RS_iters': 5000, 'sa_iters': 100, 'eps': 0.05, 'lr': 0.1, 'flag': 'SA'}, 'RME': {'N': 100}}",-7.9268826286
8,225,17.8251760987,"[29, 11, 8, 19, 20, 11, 27, 4, 11, 21]",RME,rep,10,30,10,0.9500000000000001,10000,261.844451189,"{'APS': {'cooling_schedule': array([     1,     11,     21, ..., 999971, 999981, 999991])}, 'MCTS': {'RS_iters': 5000, 'mcts_iters': 100, 'eps': 0.05, 'lr': 0.1, 'flag': 'MCTS'}, 'SA': {'RS_iters': 5000, 'sa_iters': 100, 'eps': 0.05, 'lr': 0.1, 'flag': 'SA'}, 'RME': {'N': 100}}",-8.1748239013
8,240,17.5116579463,"[2, 5, 3, 3, 22, 27, 2, 4, 18, 24]",RME,rep,10,30,10,0.9500000000000001,10000,275.5573618412,"{'APS': {'cooling_schedule': array([     1,     11,     21, ..., 999971, 999981, 999991])}, 'MCTS': {'RS_iters': 5000, 'mcts_iters': 100, 'eps': 0.05, 'lr': 0.1, 'flag': 'MCTS'}, 'SA': {'RS_iters': 5000, 'sa_iters': 100, 'eps': 0.05, 'lr': 0.1, 'flag': 'SA'}, 'RME': {'N': 100}}",-8.4883420537
8,255,17.476457144,"[19, 17, 18, 21, 13, 19, 14, 4, 19, 9]",RME,rep,10,30,10,0.9500000000000001,10000,290.5493807793,"{'APS': {'cooling_schedule': array([     1,     11,     21, ..., 999971, 999981, 999991])}, 'MCTS': {'RS_iters': 5000, 'mcts_iters': 100, 'eps': 0.05, 'lr': 0.1, 'flag': 'MCTS'}, 'SA': {'RS_iters': 5000, 'sa_iters': 100, 'eps': 0.05, 'lr': 0.1, 'flag': 'SA'}, 'RME': {'N': 100}}",-8.523542856
8,270,17.2040344773,"[0, 11, 22, 19, 29, 2, 14, 9, 0, 12]",RME,rep,10,30,10,0.9500000000000001,10000,305.7849738598,"{'APS': {'cooling_schedule': array([     1,     11,     21, ..., 999971, 999981, 999991])}, 'MCTS': {'RS_iters': 5000, 'mcts_iters': 100, 'eps': 0.05, 'lr': 0.1, 'flag': 'MCTS'}, 'SA': {'RS_iters': 5000, 'sa_iters': 100, 'eps': 0.05, 'lr': 0.1, 'flag': 'SA'}, 'RME': {'N': 100}}",-8.7959655227
8,285,18.3167898048,"[20, 18, 6, 14, 13, 18, 14, 4, 11, 27]",RME,rep,10,30,10,0.9500000000000001,10000,320.2980303764,"{'APS': {'cooling_schedule': array([     1,     11,     21, ..., 999971, 999981, 999991])}, 'MCTS': {'RS_iters': 5000, 'mcts_iters': 100, 'eps': 0.05, 'lr': 0.1, 'flag': 'MCTS'}, 'SA': {'RS_iters': 5000, 'sa_iters': 100, 'eps': 0.05, 'lr': 0.1, 'flag': 'SA'}, 'RME': {'N': 100}}",-7.6832101952
8,300,17.285601374,"[6, 15, 23, 19, 29, 2, 7, 12, 27, 23]",RME,rep,10,30,10,0.9500000000000001,10000,336.1486973763,"{'APS': {'cooling_schedule': array([     1,     11,     21, ..., 999971, 999981, 999991])}, 'MCTS': {'RS_iters': 5000, 'mcts_iters': 100, 'eps': 0.05, 'lr': 0.1, 'flag': 'MCTS'}, 'SA': {'RS_iters': 5000, 'sa_iters': 100, 'eps': 0.05, 'lr': 0.1, 'flag': 'SA'}, 'RME': {'N': 100}}",-8.714398626
8,315,18.1222819339,"[26, 29, 10, 19, 29, 15, 17, 4, 11, 4]",RME,rep,10,30,10,0.9500000000000001,10000,349.7551853657,"{'APS': {'cooling_schedule': array([     1,     11,     21, ..., 999971, 999981, 999991])}, 'MCTS': {'RS_iters': 5000, 'mcts_iters': 100, 'eps': 0.05, 'lr': 0.1, 'flag': 'MCTS'}, 'SA': {'RS_iters': 5000, 'sa_iters': 100, 'eps': 0.05, 'lr': 0.1, 'flag': 'SA'}, 'RME': {'N': 100}}",-7.8777180661
8,330,17.3963407466,"[25, 20, 27, 5, 13, 19, 19, 4, 27, 28]",RME,rep,10,30,10,0.9500000000000001,10000,366.4796364307,"{'APS': {'cooling_schedule': array([     1,     11,     21, ..., 999971, 999981, 999991])}, 'MCTS': {'RS_iters': 5000, 'mcts_iters': 100, 'eps': 0.05, 'lr': 0.1, 'flag': 'MCTS'}, 'SA': {'RS_iters': 5000, 'sa_iters': 100, 'eps': 0.05, 'lr': 0.1, 'flag': 'SA'}, 'RME': {'N': 100}}",-8.6036592534
8,345,17.2298046089,"[9, 25, 3, 28, 13, 26, 14, 11, 10, 6]",RME,rep,10,30,10,0.9500000000000001,10000,380.2273144722,"{'APS': {'cooling_schedule': array([     1,     11,     21, ..., 999971, 999981, 999991])}, 'MCTS': {'RS_iters': 5000, 'mcts_iters': 100, 'eps': 0.05, 'lr': 0.1, 'flag': 'MCTS'}, 'SA': {'RS_iters': 5000, 'sa_iters': 100, 'eps': 0.05, 'lr': 0.1, 'flag': 'SA'}, 'RME': {'N': 100}}",-8.7701953911
8,360,17.4920936919,"[15, 9, 1, 20, 22, 5, 14, 17, 0, 11]",RME,rep,10,30,10,0.9500000000000001,10000,395.6345868111,"{'APS': {'cooling_schedule': array([     1,     11,     21, ..., 999971, 999981, 999991])}, 'MCTS': {'RS_iters': 5000, 'mcts_iters': 100, 'eps': 0.05, 'lr': 0.1, 'flag': 'MCTS'}, 'SA': {'RS_iters': 5000, 'sa_iters': 100, 'eps': 0.05, 'lr': 0.1, 'flag': 'SA'}, 'RME': {'N': 100}}",-8.5079063081
8,375,17.9557805363,"[6, 9, 22, 19, 24, 1, 26, 3, 18, 5]",RME,rep,10,30,10,0.9500000000000001,10000,410.2704334259,"{'APS': {'cooling_schedule': array([     1,     11,     21, ..., 999971, 999981, 999991])}, 'MCTS': {'RS_iters': 5000, 'mcts_iters': 100, 'eps': 0.05, 'lr': 0.1, 'flag': 'MCTS'}, 'SA': {'RS_iters': 5000, 'sa_iters': 100, 'eps': 0.05, 'lr': 0.1, 'flag': 'SA'}, 'RME': {'N': 100}}",-8.0442194637
8,390,17.2283308525,"[6, 9, 5, 19, 11, 26, 0, 20, 21, 7]",RME,rep,10,30,10,0.9500000000000001,10000,425.6385045052,"{'APS': {'cooling_schedule': array([     1,     11,     21, ..., 999971, 999981, 999991])}, 'MCTS': {'RS_iters': 5000, 'mcts_iters': 100, 'eps': 0.05, 'lr': 0.1, 'flag': 'MCTS'}, 'SA': {'RS_iters': 5000, 'sa_iters': 100, 'eps': 0.05, 'lr': 0.1, 'flag': 'SA'}, 'RME': {'N': 100}}",-8.7716691475
8,405,18.008455781,"[14, 9, 28, 19, 18, 6, 8, 3, 11, 20]",RME,rep,10,30,10,0.9500000000000001,10000,440.9753215313,"{'APS': {'cooling_schedule': array([     1,     11,     21, ..., 999971, 999981, 999991])}, 'MCTS': {'RS_iters': 5000, 'mcts_iters': 100, 'eps': 0.05, 'lr': 0.1, 'flag': 'MCTS'}, 'SA': {'RS_iters': 5000, 'sa_iters': 100, 'eps': 0.05, 'lr': 0.1, 'flag': 'SA'}, 'RME': {'N': 100}}",-7.991544219
8,420,18.3495262581,"[24, 10, 29, 19, 12, 19, 11, 4, 27, 28]",RME,rep,10,30,10,0.9500000000000001,10000,455.4371242523,"{'APS': {'cooling_schedule': array([     1,     11,     21, ..., 999971, 999981, 999991])}, 'MCTS': {'RS_iters': 5000, 'mcts_iters': 100, 'eps': 0.05, 'lr': 0.1, 'flag': 'MCTS'}, 'SA': {'RS_iters': 5000, 'sa_iters': 100, 'eps': 0.05, 'lr': 0.1, 'flag': 'SA'}, 'RME': {'N': 100}}",-7.6504737419
8,435,17.7591871166,"[7, 9, 23, 10, 19, 4, 27, 4, 11, 23]",RME,rep,10,30,10,0.9500000000000001,10000,470.6870443821,"{'APS': {'cooling_schedule': array([     1,     11,     21, ..., 999971, 999981, 999991])}, 'MCTS': {'RS_iters': 5000, 'mcts_iters': 100, 'eps': 0.05, 'lr': 0.1, 'flag': 'MCTS'}, 'SA': {'RS_iters': 5000, 'sa_iters': 100, 'eps': 0.05, 'lr': 0.1, 'flag': 'SA'}, 'RME': {'N': 100}}",-8.2408128834
8,450,17.6698331141,"[23, 5, 3, 5, 9, 19, 28, 4, 11, 13]",RME,rep,10,30,10,0.9500000000000001,10000,485.1577067375,"{'APS': {'cooling_schedule': array([     1,     11,     21, ..., 999971, 999981, 999991])}, 'MCTS': {'RS_iters': 5000, 'mcts_iters': 100, 'eps': 0.05, 'lr': 0.1, 'flag': 'MCTS'}, 'SA': {'RS_iters': 5000, 'sa_iters': 100, 'eps': 0.05, 'lr': 0.1, 'flag': 'SA'}, 'RME': {'N': 100}}",-8.3301668859
8,465,17.6200744694,"[24, 9, 19, 19, 15, 23, 17, 8, 14, 28]",RME,rep,10,30,10,0.9500000000000001,10000,500.8503959179,"{'APS': {'cooling_schedule': array([     1,     11,     21, ..., 999971, 999981, 999991])}, 'MCTS': {'RS_iters': 5000, 'mcts_iters': 100, 'eps': 0.05, 'lr': 0.1, 'flag': 'MCTS'}, 'SA': {'RS_iters': 5000, 'sa_iters': 100, 'eps': 0.05, 'lr': 0.1, 'flag': 'SA'}, 'RME': {'N': 100}}",-8.3799255306
8,480,18.3980621336,"[27, 9, 3, 9, 2, 24, 19, 0, 11, 1]",RME,rep,10,30,10,0.9500000000000001,10000,516.9494497776,"{'APS': {'cooling_schedule': array([     1,     11,     21, ..., 999971, 999981, 999991])}, 'MCTS': {'RS_iters': 5000, 'mcts_iters': 100, 'eps': 0.05, 'lr': 0.1, 'flag': 'MCTS'}, 'SA': {'RS_iters': 5000, 'sa_iters': 100, 'eps': 0.05, 'lr': 0.1, 'flag': 'SA'}, 'RME': {'N': 100}}",-7.6019378664
8,495,18.355401517,"[8, 9, 3, 20, 6, 0, 14, 2, 20, 25]",RME,rep,10,30,10,0.9500000000000001,10000,529.9540157318,"{'APS': {'cooling_schedule': array([     1,     11,     21, ..., 999971, 999981, 999991])}, 'MCTS': {'RS_iters': 5000, 'mcts_iters': 100, 'eps': 0.05, 'lr': 0.1, 'flag': 'MCTS'}, 'SA': {'RS_iters': 5000, 'sa_iters': 100, 'eps': 0.05, 'lr': 0.1, 'flag': 'SA'}, 'RME': {'N': 100}}",-7.644598483
8,510,17.6777987487,"[6, 17, 23, 20, 6, 10, 28, 23, 13, 28]",RME,rep,10,30,10,0.9500000000000001,10000,545.3404209614,"{'APS': {'cooling_schedule': array([     1,     11,     21, ..., 999971, 999981, 999991])}, 'MCTS': {'RS_iters': 5000, 'mcts_iters': 100, 'eps': 0.05, 'lr': 0.1, 'flag': 'MCTS'}, 'SA': {'RS_iters': 5000, 'sa_iters': 100, 'eps': 0.05, 'lr': 0.1, 'flag': 'SA'}, 'RME': {'N': 100}}",-8.3222012513
8,525,18.275183945,"[22, 14, 3, 19, 22, 22, 14, 0, 7, 4]",RME,rep,10,30,10,0.9500000000000001,10000,559.9915161133,"{'APS': {'cooling_schedule': array([     1,     11,     21, ..., 999971, 999981, 999991])}, 'MCTS': {'RS_iters': 5000, 'mcts_iters': 100, 'eps': 0.05, 'lr': 0.1, 'flag': 'MCTS'}, 'SA': {'RS_iters': 5000, 'sa_iters': 100, 'eps': 0.05, 'lr': 0.1, 'flag': 'SA'}, 'RME': {'N': 100}}",-7.724816055
8,540,17.449042715,"[15, 3, 18, 9, 13, 22, 14, 4, 19, 21]",RME,rep,10,30,10,0.9500000000000001,10000,575.4006605148,"{'APS': {'cooling_schedule': array([     1,     11,     21, ..., 999971, 999981, 999991])}, 'MCTS': {'RS_iters': 5000, 'mcts_iters': 100, 'eps': 0.05, 'lr': 0.1, 'flag': 'MCTS'}, 'SA': {'RS_iters': 5000, 'sa_iters': 100, 'eps': 0.05, 'lr': 0.1, 'flag': 'SA'}, 'RME': {'N': 100}}",-8.550957285
8,555,17.952912277,"[2, 9, 3, 7, 6, 12, 14, 17, 4, 8]",RME,rep,10,30,10,0.9500000000000001,10000,591.0800559521,"{'APS': {'cooling_schedule': array([     1,     11,     21, ..., 999971, 999981, 999991])}, 'MCTS': {'RS_iters': 5000, 'mcts_iters': 100, 'eps': 0.05, 'lr': 0.1, 'flag': 'MCTS'}, 'SA': {'RS_iters': 5000, 'sa_iters': 100, 'eps': 0.05, 'lr': 0.1, 'flag': 'SA'}, 'RME': {'N': 100}}",-8.047087723
8,570,18.373649331,"[1, 9, 3, 19, 20, 27, 3, 25, 17, 27]",RME,rep,10,30,10,0.9500000000000001,10000,605.417049408,"{'APS': {'cooling_schedule': array([     1,     11,     21, ..., 999971, 999981, 999991])}, 'MCTS': {'RS_iters': 5000, 'mcts_iters': 100, 'eps': 0.05, 'lr': 0.1, 'flag': 'MCTS'}, 'SA': {'RS_iters': 5000, 'sa_iters': 100, 'eps': 0.05, 'lr': 0.1, 'flag': 'SA'}, 'RME': {'N': 100}}",-7.626350669
8,585,18.8680083446,"[6, 9, 25, 7, 22, 29, 17, 4, 17, 28]",RME,rep,10,30,10,0.9500000000000001,10000,620.6838870049,"{'APS': {'cooling_schedule': array([     1,     11,     21, ..., 999971, 999981, 999991])}, 'MCTS': {'RS_iters': 5000, 'mcts_iters': 100, 'eps': 0.05, 'lr': 0.1, 'flag': 'MCTS'}, 'SA': {'RS_iters': 5000, 'sa_iters': 100, 'eps': 0.05, 'lr': 0.1, 'flag': 'SA'}, 'RME': {'N': 100}}",-7.1319916554
8,600,17.4642772793,"[6, 9, 11, 25, 2, 24, 0, 28, 2, 3]",RME,rep,10,30,10,0.9500000000000001,10000,635.1169047356,"{'APS': {'cooling_schedule': array([     1,     11,     21, ..., 999971, 999981, 999991])}, 'MCTS': {'RS_iters': 5000, 'mcts_iters': 100, 'eps': 0.05, 'lr': 0.1, 'flag': 'MCTS'}, 'SA': {'RS_iters': 5000, 'sa_iters': 100, 'eps': 0.05, 'lr': 0.1, 'flag': 'SA'}, 'RME': {'N': 100}}",-8.5357227207
8,615,17.9971148838,"[7, 9, 3, 19, 2, 29, 29, 21, 28, 15]",RME,rep,10,30,10,0.9500000000000001,10000,650.7649281025,"{'APS': {'cooling_schedule': array([     1,     11,     21, ..., 999971, 999981, 999991])}, 'MCTS': {'RS_iters': 5000, 'mcts_iters': 100, 'eps': 0.05, 'lr': 0.1, 'flag': 'MCTS'}, 'SA': {'RS_iters': 5000, 'sa_iters': 100, 'eps': 0.05, 'lr': 0.1, 'flag': 'SA'}, 'RME': {'N': 100}}",-8.0028851162
8,630,18.2128897644,"[20, 23, 3, 19, 12, 12, 1, 20, 11, 20]",RME,rep,10,30,10,0.9500000000000001,10000,667.0551822186,"{'APS': {'cooling_schedule': array([     1,     11,     21, ..., 999971, 999981, 999991])}, 'MCTS': {'RS_iters': 5000, 'mcts_iters': 100, 'eps': 0.05, 'lr': 0.1, 'flag': 'MCTS'}, 'SA': {'RS_iters': 5000, 'sa_iters': 100, 'eps': 0.05, 'lr': 0.1, 'flag': 'SA'}, 'RME': {'N': 100}}",-7.7871102356
8,645,17.9350322262,"[28, 24, 1, 0, 12, 24, 7, 4, 18, 28]",RME,rep,10,30,10,0.9500000000000001,10000,679.9276509285,"{'APS': {'cooling_schedule': array([     1,     11,     21, ..., 999971, 999981, 999991])}, 'MCTS': {'RS_iters': 5000, 'mcts_iters': 100, 'eps': 0.05, 'lr': 0.1, 'flag': 'MCTS'}, 'SA': {'RS_iters': 5000, 'sa_iters': 100, 'eps': 0.05, 'lr': 0.1, 'flag': 'SA'}, 'RME': {'N': 100}}",-8.0649677738
8,660,18.272136464,"[18, 9, 3, 15, 14, 1, 2, 10, 11, 24]",RME,rep,10,30,10,0.9500000000000001,10000,695.4790699482,"{'APS': {'cooling_schedule': array([     1,     11,     21, ..., 999971, 999981, 999991])}, 'MCTS': {'RS_iters': 5000, 'mcts_iters': 100, 'eps': 0.05, 'lr': 0.1, 'flag': 'MCTS'}, 'SA': {'RS_iters': 5000, 'sa_iters': 100, 'eps': 0.05, 'lr': 0.1, 'flag': 'SA'}, 'RME': {'N': 100}}",-7.727863536
8,675,17.8145461561,"[26, 14, 14, 15, 23, 0, 14, 4, 25, 28]",RME,rep,10,30,10,0.9500000000000001,10000,710.1361823082,"{'APS': {'cooling_schedule': array([     1,     11,     21, ..., 999971, 999981, 999991])}, 'MCTS': {'RS_iters': 5000, 'mcts_iters': 100, 'eps': 0.05, 'lr': 0.1, 'flag': 'MCTS'}, 'SA': {'RS_iters': 5000, 'sa_iters': 100, 'eps': 0.05, 'lr': 0.1, 'flag': 'SA'}, 'RME': {'N': 100}}",-8.1854538439
8,690,18.2662179951,"[17, 25, 3, 19, 22, 25, 10, 4, 5, 3]",RME,rep,10,30,10,0.9500000000000001,10000,725.6842718124,"{'APS': {'cooling_schedule': array([     1,     11,     21, ..., 999971, 999981, 999991])}, 'MCTS': {'RS_iters': 5000, 'mcts_iters': 100, 'eps': 0.05, 'lr': 0.1, 'flag': 'MCTS'}, 'SA': {'RS_iters': 5000, 'sa_iters': 100, 'eps': 0.05, 'lr': 0.1, 'flag': 'SA'}, 'RME': {'N': 100}}",-7.7337820049
8,705,18.6657323745,"[29, 9, 20, 19, 28, 28, 4, 4, 6, 28]",RME,rep,10,30,10,0.9500000000000001,10000,741.33583498,"{'APS': {'cooling_schedule': array([     1,     11,     21, ..., 999971, 999981, 999991])}, 'MCTS': {'RS_iters': 5000, 'mcts_iters': 100, 'eps': 0.05, 'lr': 0.1, 'flag': 'MCTS'}, 'SA': {'RS_iters': 5000, 'sa_iters': 100, 'eps': 0.05, 'lr': 0.1, 'flag': 'SA'}, 'RME': {'N': 100}}",-7.3342676255
8,720,19.0728550646,"[14, 5, 4, 19, 12, 24, 13, 4, 16, 28]",RME,rep,10,30,10,0.9500000000000001,10000,755.2280430794,"{'APS': {'cooling_schedule': array([     1,     11,     21, ..., 999971, 999981, 999991])}, 'MCTS': {'RS_iters': 5000, 'mcts_iters': 100, 'eps': 0.05, 'lr': 0.1, 'flag': 'MCTS'}, 'SA': {'RS_iters': 5000, 'sa_iters': 100, 'eps': 0.05, 'lr': 0.1, 'flag': 'SA'}, 'RME': {'N': 100}}",-6.9271449354
8,735,19.3775568066,"[13, 9, 22, 19, 29, 20, 19, 4, 23, 28]",RME,rep,10,30,10,0.9500000000000001,10000,771.1538152695,"{'APS': {'cooling_schedule': array([     1,     11,     21, ..., 999971, 999981, 999991])}, 'MCTS': {'RS_iters': 5000, 'mcts_iters': 100, 'eps': 0.05, 'lr': 0.1, 'flag': 'MCTS'}, 'SA': {'RS_iters': 5000, 'sa_iters': 100, 'eps': 0.05, 'lr': 0.1, 'flag': 'SA'}, 'RME': {'N': 100}}",-6.6224431934
8,750,18.398159575,"[6, 2, 25, 20, 13, 12, 19, 20, 11, 28]",RME,rep,10,30,10,0.9500000000000001,10000,785.3753523827,"{'APS': {'cooling_schedule': array([     1,     11,     21, ..., 999971, 999981, 999991])}, 'MCTS': {'RS_iters': 5000, 'mcts_iters': 100, 'eps': 0.05, 'lr': 0.1, 'flag': 'MCTS'}, 'SA': {'RS_iters': 5000, 'sa_iters': 100, 'eps': 0.05, 'lr': 0.1, 'flag': 'SA'}, 'RME': {'N': 100}}",-7.601840425
8,765,18.523567216300002,"[6, 9, 18, 4, 13, 9, 26, 4, 23, 9]",RME,rep,10,30,10,0.9500000000000001,10000,800.6769168377,"{'APS': {'cooling_schedule': array([     1,     11,     21, ..., 999971, 999981, 999991])}, 'MCTS': {'RS_iters': 5000, 'mcts_iters': 100, 'eps': 0.05, 'lr': 0.1, 'flag': 'MCTS'}, 'SA': {'RS_iters': 5000, 'sa_iters': 100, 'eps': 0.05, 'lr': 0.1, 'flag': 'SA'}, 'RME': {'N': 100}}",-7.4764327837
8,780,18.2343617163,"[3, 9, 3, 27, 28, 6, 14, 27, 19, 28]",RME,rep,10,30,10,0.9500000000000001,10000,816.7446408272,"{'APS': {'cooling_schedule': array([     1,     11,     21, ..., 999971, 999981, 999991])}, 'MCTS': {'RS_iters': 5000, 'mcts_iters': 100, 'eps': 0.05, 'lr': 0.1, 'flag': 'MCTS'}, 'SA': {'RS_iters': 5000, 'sa_iters': 100, 'eps': 0.05, 'lr': 0.1, 'flag': 'SA'}, 'RME': {'N': 100}}",-7.7656382836999995
8,795,17.609904202,"[22, 9, 3, 21, 12, 10, 12, 25, 23, 14]",RME,rep,10,30,10,0.9500000000000001,10000,829.8095653057,"{'APS': {'cooling_schedule': array([     1,     11,     21, ..., 999971, 999981, 999991])}, 'MCTS': {'RS_iters': 5000, 'mcts_iters': 100, 'eps': 0.05, 'lr': 0.1, 'flag': 'MCTS'}, 'SA': {'RS_iters': 5000, 'sa_iters': 100, 'eps': 0.05, 'lr': 0.1, 'flag': 'SA'}, 'RME': {'N': 100}}",-8.390095798
8,810,18.3929526017,"[6, 9, 9, 23, 29, 5, 28, 4, 7, 10]",RME,rep,10,30,10,0.9500000000000001,10000,845.1633353233,"{'APS': {'cooling_schedule': array([     1,     11,     21, ..., 999971, 999981, 999991])}, 'MCTS': {'RS_iters': 5000, 'mcts_iters': 100, 'eps': 0.05, 'lr': 0.1, 'flag': 'MCTS'}, 'SA': {'RS_iters': 5000, 'sa_iters': 100, 'eps': 0.05, 'lr': 0.1, 'flag': 'SA'}, 'RME': {'N': 100}}",-7.6070473983
8,825,20.0932304146,"[26, 9, 3, 1, 24, 14, 14, 8, 11, 28]",RME,rep,10,30,10,0.9500000000000001,10000,860.0781135559,"{'APS': {'cooling_schedule': array([     1,     11,     21, ..., 999971, 999981, 999991])}, 'MCTS': {'RS_iters': 5000, 'mcts_iters': 100, 'eps': 0.05, 'lr': 0.1, 'flag': 'MCTS'}, 'SA': {'RS_iters': 5000, 'sa_iters': 100, 'eps': 0.05, 'lr': 0.1, 'flag': 'SA'}, 'RME': {'N': 100}}",-5.9067695854
8,840,18.4320315297,"[22, 9, 3, 1, 25, 27, 4, 28, 8, 28]",RME,rep,10,30,10,0.9500000000000001,10000,875.655367136,"{'APS': {'cooling_schedule': array([     1,     11,     21, ..., 999971, 999981, 999991])}, 'MCTS': {'RS_iters': 5000, 'mcts_iters': 100, 'eps': 0.05, 'lr': 0.1, 'flag': 'MCTS'}, 'SA': {'RS_iters': 5000, 'sa_iters': 100, 'eps': 0.05, 'lr': 0.1, 'flag': 'SA'}, 'RME': {'N': 100}}",-7.5679684703
8,855,18.2934290291,"[8, 23, 3, 19, 22, 0, 2, 27, 16, 28]",RME,rep,10,30,10,0.9500000000000001,10000,891.0912322998,"{'APS': {'cooling_schedule': array([     1,     11,     21, ..., 999971, 999981, 999991])}, 'MCTS': {'RS_iters': 5000, 'mcts_iters': 100, 'eps': 0.05, 'lr': 0.1, 'flag': 'MCTS'}, 'SA': {'RS_iters': 5000, 'sa_iters': 100, 'eps': 0.05, 'lr': 0.1, 'flag': 'SA'}, 'RME': {'N': 100}}",-7.7065709709
8,870,17.8460841235,"[15, 13, 3, 9, 7, 3, 14, 4, 22, 5]",RME,rep,10,30,10,0.9500000000000001,10000,905.429485321,"{'APS': {'cooling_schedule': array([     1,     11,     21, ..., 999971, 999981, 999991])}, 'MCTS': {'RS_iters': 5000, 'mcts_iters': 100, 'eps': 0.05, 'lr': 0.1, 'flag': 'MCTS'}, 'SA': {'RS_iters': 5000, 'sa_iters': 100, 'eps': 0.05, 'lr': 0.1, 'flag': 'SA'}, 'RME': {'N': 100}}",-8.1539158765
8,885,18.3354658337,"[12, 17, 3, 19, 14, 3, 29, 6, 11, 0]",RME,rep,10,30,10,0.9500000000000001,10000,920.9255795479,"{'APS': {'cooling_schedule': array([     1,     11,     21, ..., 999971, 999981, 999991])}, 'MCTS': {'RS_iters': 5000, 'mcts_iters': 100, 'eps': 0.05, 'lr': 0.1, 'flag': 'MCTS'}, 'SA': {'RS_iters': 5000, 'sa_iters': 100, 'eps': 0.05, 'lr': 0.1, 'flag': 'SA'}, 'RME': {'N': 100}}",-7.6645341663
8,900,17.2488840659,"[6, 9, 6, 2, 13, 20, 8, 28, 19, 16]",RME,rep,10,30,10,0.9500000000000001,10000,934.8865571022,"{'APS': {'cooling_schedule': array([     1,     11,     21, ..., 999971, 999981, 999991])}, 'MCTS': {'RS_iters': 5000, 'mcts_iters': 100, 'eps': 0.05, 'lr': 0.1, 'flag': 'MCTS'}, 'SA': {'RS_iters': 5000, 'sa_iters': 100, 'eps': 0.05, 'lr': 0.1, 'flag': 'SA'}, 'RME': {'N': 100}}",-8.7511159341
8,915,18.0389176104,"[22, 22, 28, 28, 14, 24, 14, 4, 6, 14]",RME,rep,10,30,10,0.9500000000000001,10000,951.0015170574,"{'APS': {'cooling_schedule': array([     1,     11,     21, ..., 999971, 999981, 999991])}, 'MCTS': {'RS_iters': 5000, 'mcts_iters': 100, 'eps': 0.05, 'lr': 0.1, 'flag': 'MCTS'}, 'SA': {'RS_iters': 5000, 'sa_iters': 100, 'eps': 0.05, 'lr': 0.1, 'flag': 'SA'}, 'RME': {'N': 100}}",-7.9610823896
8,930,17.9016070401,"[3, 16, 3, 29, 6, 9, 14, 27, 11, 20]",RME,rep,10,30,10,0.9500000000000001,10000,966.8223247528,"{'APS': {'cooling_schedule': array([     1,     11,     21, ..., 999971, 999981, 999991])}, 'MCTS': {'RS_iters': 5000, 'mcts_iters': 100, 'eps': 0.05, 'lr': 0.1, 'flag': 'MCTS'}, 'SA': {'RS_iters': 5000, 'sa_iters': 100, 'eps': 0.05, 'lr': 0.1, 'flag': 'SA'}, 'RME': {'N': 100}}",-8.0983929599
8,945,17.7663134511,"[2, 9, 3, 6, 25, 16, 6, 9, 24, 28]",RME,rep,10,30,10,0.9500000000000001,10000,979.9317846298,"{'APS': {'cooling_schedule': array([     1,     11,     21, ..., 999971, 999981, 999991])}, 'MCTS': {'RS_iters': 5000, 'mcts_iters': 100, 'eps': 0.05, 'lr': 0.1, 'flag': 'MCTS'}, 'SA': {'RS_iters': 5000, 'sa_iters': 100, 'eps': 0.05, 'lr': 0.1, 'flag': 'SA'}, 'RME': {'N': 100}}",-8.2336865489
8,960,17.9567627282,"[6, 10, 14, 11, 25, 21, 14, 16, 22, 28]",RME,rep,10,30,10,0.9500000000000001,10000,995.2542378902,"{'APS': {'cooling_schedule': array([     1,     11,     21, ..., 999971, 999981, 999991])}, 'MCTS': {'RS_iters': 5000, 'mcts_iters': 100, 'eps': 0.05, 'lr': 0.1, 'flag': 'MCTS'}, 'SA': {'RS_iters': 5000, 'sa_iters': 100, 'eps': 0.05, 'lr': 0.1, 'flag': 'SA'}, 'RME': {'N': 100}}",-8.0432372718
8,975,18.0765810449,"[15, 13, 3, 18, 11, 11, 14, 4, 5, 28]",RME,rep,10,30,10,0.9500000000000001,10000,1009.9611883163,"{'APS': {'cooling_schedule': array([     1,     11,     21, ..., 999971, 999981, 999991])}, 'MCTS': {'RS_iters': 5000, 'mcts_iters': 100, 'eps': 0.05, 'lr': 0.1, 'flag': 'MCTS'}, 'SA': {'RS_iters': 5000, 'sa_iters': 100, 'eps': 0.05, 'lr': 0.1, 'flag': 'SA'}, 'RME': {'N': 100}}",-7.9234189551
8,990,18.4471326083,"[6, 20, 3, 19, 14, 1, 0, 25, 22, 1]",RME,rep,10,30,10,0.9500000000000001,10000,1025.7073669434,"{'APS': {'cooling_schedule': array([     1,     11,     21, ..., 999971, 999981, 999991])}, 'MCTS': {'RS_iters': 5000, 'mcts_iters': 100, 'eps': 0.05, 'lr': 0.1, 'flag': 'MCTS'}, 'SA': {'RS_iters': 5000, 'sa_iters': 100, 'eps': 0.05, 'lr': 0.1, 'flag': 'SA'}, 'RME': {'N': 100}}",-7.5528673916999995
8,1005,18.5612091235,"[5, 9, 19, 19, 14, 5, 29, 28, 6, 28]",RME,rep,10,30,10,0.9500000000000001,10000,1040.791405201,"{'APS': {'cooling_schedule': array([     1,     11,     21, ..., 999971, 999981, 999991])}, 'MCTS': {'RS_iters': 5000, 'mcts_iters': 100, 'eps': 0.05, 'lr': 0.1, 'flag': 'MCTS'}, 'SA': {'RS_iters': 5000, 'sa_iters': 100, 'eps': 0.05, 'lr': 0.1, 'flag': 'SA'}, 'RME': {'N': 100}}",-7.4387908765
8,1020,18.4608192896,"[18, 9, 22, 19, 14, 4, 15, 4, 8, 20]",RME,rep,10,30,10,0.9500000000000001,10000,1055.5287804604,"{'APS': {'cooling_schedule': array([     1,     11,     21, ..., 999971, 999981, 999991])}, 'MCTS': {'RS_iters': 5000, 'mcts_iters': 100, 'eps': 0.05, 'lr': 0.1, 'flag': 'MCTS'}, 'SA': {'RS_iters': 5000, 'sa_iters': 100, 'eps': 0.05, 'lr': 0.1, 'flag': 'SA'}, 'RME': {'N': 100}}",-7.5391807104
8,1035,17.840625702,"[6, 23, 3, 20, 4, 27, 26, 3, 11, 11]",RME,rep,10,30,10,0.9500000000000001,10000,1070.8521528244,"{'APS': {'cooling_schedule': array([     1,     11,     21, ..., 999971, 999981, 999991])}, 'MCTS': {'RS_iters': 5000, 'mcts_iters': 100, 'eps': 0.05, 'lr': 0.1, 'flag': 'MCTS'}, 'SA': {'RS_iters': 5000, 'sa_iters': 100, 'eps': 0.05, 'lr': 0.1, 'flag': 'SA'}, 'RME': {'N': 100}}",-8.159374298
8,1050,18.2405344859,"[1, 9, 3, 10, 23, 22, 14, 2, 11, 10]",RME,rep,10,30,10,0.9500000000000001,10000,1085.0604612827,"{'APS': {'cooling_schedule': array([     1,     11,     21, ..., 999971, 999981, 999991])}, 'MCTS': {'RS_iters': 5000, 'mcts_iters': 100, 'eps': 0.05, 'lr': 0.1, 'flag': 'MCTS'}, 'SA': {'RS_iters': 5000, 'sa_iters': 100, 'eps': 0.05, 'lr': 0.1, 'flag': 'SA'}, 'RME': {'N': 100}}",-7.7594655141
8,1065,18.1354220482,"[6, 9, 22, 5, 20, 27, 22, 10, 17, 28]",RME,rep,10,30,10,0.9500000000000001,10000,1100.8804666996,"{'APS': {'cooling_schedule': array([     1,     11,     21, ..., 999971, 999981, 999991])}, 'MCTS': {'RS_iters': 5000, 'mcts_iters': 100, 'eps': 0.05, 'lr': 0.1, 'flag': 'MCTS'}, 'SA': {'RS_iters': 5000, 'sa_iters': 100, 'eps': 0.05, 'lr': 0.1, 'flag': 'SA'}, 'RME': {'N': 100}}",-7.8645779518
8,1080,18.4744685806,"[6, 7, 3, 19, 14, 10, 1, 9, 22, 13]",RME,rep,10,30,10,0.9500000000000001,10000,1116.5425252914,"{'APS': {'cooling_schedule': array([     1,     11,     21, ..., 999971, 999981, 999991])}, 'MCTS': {'RS_iters': 5000, 'mcts_iters': 100, 'eps': 0.05, 'lr': 0.1, 'flag': 'MCTS'}, 'SA': {'RS_iters': 5000, 'sa_iters': 100, 'eps': 0.05, 'lr': 0.1, 'flag': 'SA'}, 'RME': {'N': 100}}",-7.5255314194
8,1095,18.1799884881,"[16, 24, 8, 27, 29, 6, 14, 4, 26, 28]",RME,rep,10,30,10,0.9500000000000001,10000,1130.0547757149,"{'APS': {'cooling_schedule': array([     1,     11,     21, ..., 999971, 999981, 999991])}, 'MCTS': {'RS_iters': 5000, 'mcts_iters': 100, 'eps': 0.05, 'lr': 0.1, 'flag': 'MCTS'}, 'SA': {'RS_iters': 5000, 'sa_iters': 100, 'eps': 0.05, 'lr': 0.1, 'flag': 'SA'}, 'RME': {'N': 100}}",-7.8200115119
8,1110,18.0993811461,"[6, 9, 23, 21, 7, 19, 18, 29, 11, 15]",RME,rep,10,30,10,0.9500000000000001,10000,1145.1076247692,"{'APS': {'cooling_schedule': array([     1,     11,     21, ..., 999971, 999981, 999991])}, 'MCTS': {'RS_iters': 5000, 'mcts_iters': 100, 'eps': 0.05, 'lr': 0.1, 'flag': 'MCTS'}, 'SA': {'RS_iters': 5000, 'sa_iters': 100, 'eps': 0.05, 'lr': 0.1, 'flag': 'SA'}, 'RME': {'N': 100}}",-7.9006188539
8,1125,17.954217815,"[13, 19, 15, 19, 7, 23, 12, 5, 11, 28]",RME,rep,10,30,10,0.9500000000000001,10000,1160.2288353443,"{'APS': {'cooling_schedule': array([     1,     11,     21, ..., 999971, 999981, 999991])}, 'MCTS': {'RS_iters': 5000, 'mcts_iters': 100, 'eps': 0.05, 'lr': 0.1, 'flag': 'MCTS'}, 'SA': {'RS_iters': 5000, 'sa_iters': 100, 'eps': 0.05, 'lr': 0.1, 'flag': 'SA'}, 'RME': {'N': 100}}",-8.045782185
8,1140,18.3855401963,"[6, 12, 4, 19, 13, 15, 24, 13, 11, 17]",RME,rep,10,30,10,0.9500000000000001,10000,1175.8915867805,"{'APS': {'cooling_schedule': array([     1,     11,     21, ..., 999971, 999981, 999991])}, 'MCTS': {'RS_iters': 5000, 'mcts_iters': 100, 'eps': 0.05, 'lr': 0.1, 'flag': 'MCTS'}, 'SA': {'RS_iters': 5000, 'sa_iters': 100, 'eps': 0.05, 'lr': 0.1, 'flag': 'SA'}, 'RME': {'N': 100}}",-7.6144598037
8,1155,18.2935757157,"[13, 28, 19, 19, 6, 9, 14, 15, 13, 28]",RME,rep,10,30,10,0.9500000000000001,10000,1190.7719552517,"{'APS': {'cooling_schedule': array([     1,     11,     21, ..., 999971, 999981, 999991])}, 'MCTS': {'RS_iters': 5000, 'mcts_iters': 100, 'eps': 0.05, 'lr': 0.1, 'flag': 'MCTS'}, 'SA': {'RS_iters': 5000, 'sa_iters': 100, 'eps': 0.05, 'lr': 0.1, 'flag': 'SA'}, 'RME': {'N': 100}}",-7.7064242843
8,1170,18.5352134416,"[19, 9, 29, 3, 14, 4, 14, 26, 11, 15]",RME,rep,10,30,10,0.9500000000000001,10000,1205.2974419594,"{'APS': {'cooling_schedule': array([     1,     11,     21, ..., 999971, 999981, 999991])}, 'MCTS': {'RS_iters': 5000, 'mcts_iters': 100, 'eps': 0.05, 'lr': 0.1, 'flag': 'MCTS'}, 'SA': {'RS_iters': 5000, 'sa_iters': 100, 'eps': 0.05, 'lr': 0.1, 'flag': 'SA'}, 'RME': {'N': 100}}",-7.4647865584
8,1185,18.1943227058,"[6, 5, 1, 27, 6, 20, 25, 4, 7, 28]",RME,rep,10,30,10,0.9500000000000001,10000,1220.7082326412,"{'APS': {'cooling_schedule': array([     1,     11,     21, ..., 999971, 999981, 999991])}, 'MCTS': {'RS_iters': 5000, 'mcts_iters': 100, 'eps': 0.05, 'lr': 0.1, 'flag': 'MCTS'}, 'SA': {'RS_iters': 5000, 'sa_iters': 100, 'eps': 0.05, 'lr': 0.1, 'flag': 'SA'}, 'RME': {'N': 100}}",-7.8056772942
8,1200,18.4141826097,"[13, 14, 29, 19, 29, 25, 14, 16, 27, 28]",RME,rep,10,30,10,0.9500000000000001,10000,1234.9066972733,"{'APS': {'cooling_schedule': array([     1,     11,     21, ..., 999971, 999981, 999991])}, 'MCTS': {'RS_iters': 5000, 'mcts_iters': 100, 'eps': 0.05, 'lr': 0.1, 'flag': 'MCTS'}, 'SA': {'RS_iters': 5000, 'sa_iters': 100, 'eps': 0.05, 'lr': 0.1, 'flag': 'SA'}, 'RME': {'N': 100}}",-7.5858173903
9,15,17.0788137244,"[10, 9, 14, 21, 18, 14, 18, 25, 11, 24]",RME,rep,10,30,10,0.9500000000000001,10000,50.9501874447,"{'APS': {'cooling_schedule': array([     1,     11,     21, ..., 999971, 999981, 999991])}, 'MCTS': {'RS_iters': 5000, 'mcts_iters': 100, 'eps': 0.05, 'lr': 0.1, 'flag': 'MCTS'}, 'SA': {'RS_iters': 5000, 'sa_iters': 100, 'eps': 0.05, 'lr': 0.1, 'flag': 'SA'}, 'RME': {'N': 100}}",-8.9211862756
9,30,18.3426969503,"[23, 9, 24, 19, 12, 22, 14, 29, 29, 27]",RME,rep,10,30,10,0.9500000000000001,10000,66.0209779739,"{'APS': {'cooling_schedule': array([     1,     11,     21, ..., 999971, 999981, 999991])}, 'MCTS': {'RS_iters': 5000, 'mcts_iters': 100, 'eps': 0.05, 'lr': 0.1, 'flag': 'MCTS'}, 'SA': {'RS_iters': 5000, 'sa_iters': 100, 'eps': 0.05, 'lr': 0.1, 'flag': 'SA'}, 'RME': {'N': 100}}",-7.6573030497
9,45,16.9714866821,"[19, 9, 3, 27, 7, 27, 20, 12, 24, 18]",RME,rep,10,30,10,0.9500000000000001,10000,81.1422851086,"{'APS': {'cooling_schedule': array([     1,     11,     21, ..., 999971, 999981, 999991])}, 'MCTS': {'RS_iters': 5000, 'mcts_iters': 100, 'eps': 0.05, 'lr': 0.1, 'flag': 'MCTS'}, 'SA': {'RS_iters': 5000, 'sa_iters': 100, 'eps': 0.05, 'lr': 0.1, 'flag': 'SA'}, 'RME': {'N': 100}}",-9.0285133179
9,60,17.4841533089,"[7, 9, 2, 19, 19, 29, 29, 8, 11, 7]",RME,rep,10,30,10,0.9500000000000001,10000,96.4025845528,"{'APS': {'cooling_schedule': array([     1,     11,     21, ..., 999971, 999981, 999991])}, 'MCTS': {'RS_iters': 5000, 'mcts_iters': 100, 'eps': 0.05, 'lr': 0.1, 'flag': 'MCTS'}, 'SA': {'RS_iters': 5000, 'sa_iters': 100, 'eps': 0.05, 'lr': 0.1, 'flag': 'SA'}, 'RME': {'N': 100}}",-8.5158466911
9,75,17.4146575384,"[20, 23, 3, 19, 22, 27, 15, 29, 25, 26]",RME,rep,10,30,10,0.9500000000000001,10000,110.998963356,"{'APS': {'cooling_schedule': array([     1,     11,     21, ..., 999971, 999981, 999991])}, 'MCTS': {'RS_iters': 5000, 'mcts_iters': 100, 'eps': 0.05, 'lr': 0.1, 'flag': 'MCTS'}, 'SA': {'RS_iters': 5000, 'sa_iters': 100, 'eps': 0.05, 'lr': 0.1, 'flag': 'SA'}, 'RME': {'N': 100}}",-8.5853424616
9,90,17.0802452295,"[27, 0, 14, 25, 6, 26, 20, 4, 26, 28]",RME,rep,10,30,10,0.9500000000000001,10000,127.0279228687,"{'APS': {'cooling_schedule': array([     1,     11,     21, ..., 999971, 999981, 999991])}, 'MCTS': {'RS_iters': 5000, 'mcts_iters': 100, 'eps': 0.05, 'lr': 0.1, 'flag': 'MCTS'}, 'SA': {'RS_iters': 5000, 'sa_iters': 100, 'eps': 0.05, 'lr': 0.1, 'flag': 'SA'}, 'RME': {'N': 100}}",-8.919754770499999
9,105,16.9558642495,"[6, 15, 2, 13, 14, 24, 0, 26, 10, 23]",RME,rep,10,30,10,0.9500000000000001,10000,139.7735314369,"{'APS': {'cooling_schedule': array([     1,     11,     21, ..., 999971, 999981, 999991])}, 'MCTS': {'RS_iters': 5000, 'mcts_iters': 100, 'eps': 0.05, 'lr': 0.1, 'flag': 'MCTS'}, 'SA': {'RS_iters': 5000, 'sa_iters': 100, 'eps': 0.05, 'lr': 0.1, 'flag': 'SA'}, 'RME': {'N': 100}}",-9.0441357505
9,120,17.2410051379,"[6, 23, 3, 7, 9, 22, 15, 4, 16, 24]",RME,rep,10,30,10,0.9500000000000001,10000,156.0936737061,"{'APS': {'cooling_schedule': array([     1,     11,     21, ..., 999971, 999981, 999991])}, 'MCTS': {'RS_iters': 5000, 'mcts_iters': 100, 'eps': 0.05, 'lr': 0.1, 'flag': 'MCTS'}, 'SA': {'RS_iters': 5000, 'sa_iters': 100, 'eps': 0.05, 'lr': 0.1, 'flag': 'SA'}, 'RME': {'N': 100}}",-8.7589948621
9,135,17.4860915276,"[6, 17, 15, 18, 25, 4, 28, 0, 0, 28]",RME,rep,10,30,10,0.9500000000000001,10000,170.5225596428,"{'APS': {'cooling_schedule': array([     1,     11,     21, ..., 999971, 999981, 999991])}, 'MCTS': {'RS_iters': 5000, 'mcts_iters': 100, 'eps': 0.05, 'lr': 0.1, 'flag': 'MCTS'}, 'SA': {'RS_iters': 5000, 'sa_iters': 100, 'eps': 0.05, 'lr': 0.1, 'flag': 'SA'}, 'RME': {'N': 100}}",-8.5139084724
9,150,17.2700472596,"[5, 9, 12, 5, 29, 6, 24, 4, 28, 25]",RME,rep,10,30,10,0.9500000000000001,10000,186.2748613358,"{'APS': {'cooling_schedule': array([     1,     11,     21, ..., 999971, 999981, 999991])}, 'MCTS': {'RS_iters': 5000, 'mcts_iters': 100, 'eps': 0.05, 'lr': 0.1, 'flag': 'MCTS'}, 'SA': {'RS_iters': 5000, 'sa_iters': 100, 'eps': 0.05, 'lr': 0.1, 'flag': 'SA'}, 'RME': {'N': 100}}",-8.7299527404
9,165,19.0334013264,"[9, 18, 3, 19, 20, 24, 9, 27, 6, 28]",RME,rep,10,30,10,0.9500000000000001,10000,200.0641829967,"{'APS': {'cooling_schedule': array([     1,     11,     21, ..., 999971, 999981, 999991])}, 'MCTS': {'RS_iters': 5000, 'mcts_iters': 100, 'eps': 0.05, 'lr': 0.1, 'flag': 'MCTS'}, 'SA': {'RS_iters': 5000, 'sa_iters': 100, 'eps': 0.05, 'lr': 0.1, 'flag': 'SA'}, 'RME': {'N': 100}}",-6.9665986736
9,180,18.3060912949,"[4, 29, 20, 19, 22, 17, 14, 4, 16, 1]",RME,rep,10,30,10,0.9500000000000001,10000,216.110035181,"{'APS': {'cooling_schedule': array([     1,     11,     21, ..., 999971, 999981, 999991])}, 'MCTS': {'RS_iters': 5000, 'mcts_iters': 100, 'eps': 0.05, 'lr': 0.1, 'flag': 'MCTS'}, 'SA': {'RS_iters': 5000, 'sa_iters': 100, 'eps': 0.05, 'lr': 0.1, 'flag': 'SA'}, 'RME': {'N': 100}}",-7.6939087051
9,195,17.4550533596,"[29, 9, 11, 21, 13, 26, 21, 6, 11, 0]",RME,rep,10,30,10,0.9500000000000001,10000,230.200037241,"{'APS': {'cooling_schedule': array([     1,     11,     21, ..., 999971, 999981, 999991])}, 'MCTS': {'RS_iters': 5000, 'mcts_iters': 100, 'eps': 0.05, 'lr': 0.1, 'flag': 'MCTS'}, 'SA': {'RS_iters': 5000, 'sa_iters': 100, 'eps': 0.05, 'lr': 0.1, 'flag': 'SA'}, 'RME': {'N': 100}}",-8.5449466404
9,210,17.2965610057,"[6, 26, 3, 9, 6, 1, 18, 27, 0, 7]",RME,rep,10,30,10,0.9500000000000001,10000,245.4942038059,"{'APS': {'cooling_schedule': array([     1,     11,     21, ..., 999971, 999981, 999991])}, 'MCTS': {'RS_iters': 5000, 'mcts_iters': 100, 'eps': 0.05, 'lr': 0.1, 'flag': 'MCTS'}, 'SA': {'RS_iters': 5000, 'sa_iters': 100, 'eps': 0.05, 'lr': 0.1, 'flag': 'SA'}, 'RME': {'N': 100}}",-8.7034389943
9,225,17.3268642796,"[1, 9, 4, 18, 15, 24, 14, 27, 29, 15]",RME,rep,10,30,10,0.9500000000000001,10000,261.4165303707,"{'APS': {'cooling_schedule': array([     1,     11,     21, ..., 999971, 999981, 999991])}, 'MCTS': {'RS_iters': 5000, 'mcts_iters': 100, 'eps': 0.05, 'lr': 0.1, 'flag': 'MCTS'}, 'SA': {'RS_iters': 5000, 'sa_iters': 100, 'eps': 0.05, 'lr': 0.1, 'flag': 'SA'}, 'RME': {'N': 100}}",-8.6731357204
9,240,17.2985347626,"[22, 29, 0, 14, 22, 4, 25, 4, 20, 28]",RME,rep,10,30,10,0.9500000000000001,10000,274.8879511356,"{'APS': {'cooling_schedule': array([     1,     11,     21, ..., 999971, 999981, 999991])}, 'MCTS': {'RS_iters': 5000, 'mcts_iters': 100, 'eps': 0.05, 'lr': 0.1, 'flag': 'MCTS'}, 'SA': {'RS_iters': 5000, 'sa_iters': 100, 'eps': 0.05, 'lr': 0.1, 'flag': 'SA'}, 'RME': {'N': 100}}",-8.7014652374
9,255,18.4695405276,"[6, 26, 6, 25, 29, 5, 8, 14, 11, 28]",RME,rep,10,30,10,0.9500000000000001,10000,290.5764651299,"{'APS': {'cooling_schedule': array([     1,     11,     21, ..., 999971, 999981, 999991])}, 'MCTS': {'RS_iters': 5000, 'mcts_iters': 100, 'eps': 0.05, 'lr': 0.1, 'flag': 'MCTS'}, 'SA': {'RS_iters': 5000, 'sa_iters': 100, 'eps': 0.05, 'lr': 0.1, 'flag': 'SA'}, 'RME': {'N': 100}}",-7.5304594724000005
9,270,17.8661446547,"[21, 9, 3, 19, 9, 17, 2, 14, 25, 15]",RME,rep,10,30,10,0.9500000000000001,10000,306.0773904324,"{'APS': {'cooling_schedule': array([     1,     11,     21, ..., 999971, 999981, 999991])}, 'MCTS': {'RS_iters': 5000, 'mcts_iters': 100, 'eps': 0.05, 'lr': 0.1, 'flag': 'MCTS'}, 'SA': {'RS_iters': 5000, 'sa_iters': 100, 'eps': 0.05, 'lr': 0.1, 'flag': 'SA'}, 'RME': {'N': 100}}",-8.1338553453
9,285,18.1169780113,"[20, 9, 8, 5, 12, 12, 14, 4, 22, 1]",RME,rep,10,30,10,0.9500000000000001,10000,320.2890114784,"{'APS': {'cooling_schedule': array([     1,     11,     21, ..., 999971, 999981, 999991])}, 'MCTS': {'RS_iters': 5000, 'mcts_iters': 100, 'eps': 0.05, 'lr': 0.1, 'flag': 'MCTS'}, 'SA': {'RS_iters': 5000, 'sa_iters': 100, 'eps': 0.05, 'lr': 0.1, 'flag': 'SA'}, 'RME': {'N': 100}}",-7.8830219887
9,300,18.2444693644,"[10, 9, 15, 19, 13, 16, 21, 3, 5, 28]",RME,rep,10,30,10,0.9500000000000001,10000,336.0785274506,"{'APS': {'cooling_schedule': array([     1,     11,     21, ..., 999971, 999981, 999991])}, 'MCTS': {'RS_iters': 5000, 'mcts_iters': 100, 'eps': 0.05, 'lr': 0.1, 'flag': 'MCTS'}, 'SA': {'RS_iters': 5000, 'sa_iters': 100, 'eps': 0.05, 'lr': 0.1, 'flag': 'SA'}, 'RME': {'N': 100}}",-7.7555306356
9,315,17.6056052044,"[6, 16, 8, 14, 29, 24, 5, 19, 24, 28]",RME,rep,10,30,10,0.9500000000000001,10000,350.652012825,"{'APS': {'cooling_schedule': array([     1,     11,     21, ..., 999971, 999981, 999991])}, 'MCTS': {'RS_iters': 5000, 'mcts_iters': 100, 'eps': 0.05, 'lr': 0.1, 'flag': 'MCTS'}, 'SA': {'RS_iters': 5000, 'sa_iters': 100, 'eps': 0.05, 'lr': 0.1, 'flag': 'SA'}, 'RME': {'N': 100}}",-8.3943947956
9,330,18.041939458,"[6, 15, 16, 20, 6, 24, 29, 4, 9, 8]",RME,rep,10,30,10,0.9500000000000001,10000,366.7442655563,"{'APS': {'cooling_schedule': array([     1,     11,     21, ..., 999971, 999981, 999991])}, 'MCTS': {'RS_iters': 5000, 'mcts_iters': 100, 'eps': 0.05, 'lr': 0.1, 'flag': 'MCTS'}, 'SA': {'RS_iters': 5000, 'sa_iters': 100, 'eps': 0.05, 'lr': 0.1, 'flag': 'SA'}, 'RME': {'N': 100}}",-7.958060542
9,345,17.6800890584,"[2, 1, 1, 19, 25, 7, 8, 4, 11, 9]",RME,rep,10,30,10,0.9500000000000001,10000,379.9255135059,"{'APS': {'cooling_schedule': array([     1,     11,     21, ..., 999971, 999981, 999991])}, 'MCTS': {'RS_iters': 5000, 'mcts_iters': 100, 'eps': 0.05, 'lr': 0.1, 'flag': 'MCTS'}, 'SA': {'RS_iters': 5000, 'sa_iters': 100, 'eps': 0.05, 'lr': 0.1, 'flag': 'SA'}, 'RME': {'N': 100}}",-8.3199109416
9,360,17.4500695277,"[23, 9, 16, 4, 29, 6, 6, 4, 29, 3]",RME,rep,10,30,10,0.9500000000000001,10000,395.4970645905,"{'APS': {'cooling_schedule': array([     1,     11,     21, ..., 999971, 999981, 999991])}, 'MCTS': {'RS_iters': 5000, 'mcts_iters': 100, 'eps': 0.05, 'lr': 0.1, 'flag': 'MCTS'}, 'SA': {'RS_iters': 5000, 'sa_iters': 100, 'eps': 0.05, 'lr': 0.1, 'flag': 'SA'}, 'RME': {'N': 100}}",-8.5499304723
9,375,17.6702368268,"[6, 27, 28, 19, 16, 9, 1, 7, 11, 21]",RME,rep,10,30,10,0.9500000000000001,10000,410.8887226582,"{'APS': {'cooling_schedule': array([     1,     11,     21, ..., 999971, 999981, 999991])}, 'MCTS': {'RS_iters': 5000, 'mcts_iters': 100, 'eps': 0.05, 'lr': 0.1, 'flag': 'MCTS'}, 'SA': {'RS_iters': 5000, 'sa_iters': 100, 'eps': 0.05, 'lr': 0.1, 'flag': 'SA'}, 'RME': {'N': 100}}",-8.3297631732
9,390,17.8475838953,"[6, 18, 13, 19, 24, 29, 14, 15, 9, 6]",RME,rep,10,30,10,0.9500000000000001,10000,426.1677229404,"{'APS': {'cooling_schedule': array([     1,     11,     21, ..., 999971, 999981, 999991])}, 'MCTS': {'RS_iters': 5000, 'mcts_iters': 100, 'eps': 0.05, 'lr': 0.1, 'flag': 'MCTS'}, 'SA': {'RS_iters': 5000, 'sa_iters': 100, 'eps': 0.05, 'lr': 0.1, 'flag': 'SA'}, 'RME': {'N': 100}}",-8.1524161047
9,405,17.6168771521,"[6, 6, 29, 1, 13, 26, 16, 27, 11, 17]",RME,rep,10,30,10,0.9500000000000001,10000,440.7429919243,"{'APS': {'cooling_schedule': array([     1,     11,     21, ..., 999971, 999981, 999991])}, 'MCTS': {'RS_iters': 5000, 'mcts_iters': 100, 'eps': 0.05, 'lr': 0.1, 'flag': 'MCTS'}, 'SA': {'RS_iters': 5000, 'sa_iters': 100, 'eps': 0.05, 'lr': 0.1, 'flag': 'SA'}, 'RME': {'N': 100}}",-8.3831228479
9,420,18.0951831333,"[6, 29, 2, 19, 2, 25, 27, 4, 13, 4]",RME,rep,10,30,10,0.9500000000000001,10000,455.2638583183,"{'APS': {'cooling_schedule': array([     1,     11,     21, ..., 999971, 999981, 999991])}, 'MCTS': {'RS_iters': 5000, 'mcts_iters': 100, 'eps': 0.05, 'lr': 0.1, 'flag': 'MCTS'}, 'SA': {'RS_iters': 5000, 'sa_iters': 100, 'eps': 0.05, 'lr': 0.1, 'flag': 'SA'}, 'RME': {'N': 100}}",-7.9048168667
9,435,17.4321412472,"[6, 18, 15, 6, 14, 20, 18, 7, 20, 28]",RME,rep,10,30,10,0.9500000000000001,10000,471.1697678566,"{'APS': {'cooling_schedule': array([     1,     11,     21, ..., 999971, 999981, 999991])}, 'MCTS': {'RS_iters': 5000, 'mcts_iters': 100, 'eps': 0.05, 'lr': 0.1, 'flag': 'MCTS'}, 'SA': {'RS_iters': 5000, 'sa_iters': 100, 'eps': 0.05, 'lr': 0.1, 'flag': 'SA'}, 'RME': {'N': 100}}",-8.5678587528
9,450,17.8159956555,"[15, 9, 3, 6, 16, 17, 10, 1, 28, 28]",RME,rep,10,30,10,0.9500000000000001,10000,485.1551671028,"{'APS': {'cooling_schedule': array([     1,     11,     21, ..., 999971, 999981, 999991])}, 'MCTS': {'RS_iters': 5000, 'mcts_iters': 100, 'eps': 0.05, 'lr': 0.1, 'flag': 'MCTS'}, 'SA': {'RS_iters': 5000, 'sa_iters': 100, 'eps': 0.05, 'lr': 0.1, 'flag': 'SA'}, 'RME': {'N': 100}}",-8.1840043445
9,465,17.4329877055,"[13, 8, 11, 19, 12, 20, 14, 12, 29, 13]",RME,rep,10,30,10,0.9500000000000001,10000,500.3430302143,"{'APS': {'cooling_schedule': array([     1,     11,     21, ..., 999971, 999981, 999991])}, 'MCTS': {'RS_iters': 5000, 'mcts_iters': 100, 'eps': 0.05, 'lr': 0.1, 'flag': 'MCTS'}, 'SA': {'RS_iters': 5000, 'sa_iters': 100, 'eps': 0.05, 'lr': 0.1, 'flag': 'SA'}, 'RME': {'N': 100}}",-8.5670122945
9,480,18.2130467293,"[6, 9, 10, 19, 20, 4, 0, 26, 21, 3]",RME,rep,10,30,10,0.9500000000000001,10000,517.2320327759,"{'APS': {'cooling_schedule': array([     1,     11,     21, ..., 999971, 999981, 999991])}, 'MCTS': {'RS_iters': 5000, 'mcts_iters': 100, 'eps': 0.05, 'lr': 0.1, 'flag': 'MCTS'}, 'SA': {'RS_iters': 5000, 'sa_iters': 100, 'eps': 0.05, 'lr': 0.1, 'flag': 'SA'}, 'RME': {'N': 100}}",-7.7869532707
9,495,17.9233935862,"[14, 20, 0, 0, 29, 24, 14, 4, 18, 5]",RME,rep,10,30,10,0.9500000000000001,10000,529.9828250408,"{'APS': {'cooling_schedule': array([     1,     11,     21, ..., 999971, 999981, 999991])}, 'MCTS': {'RS_iters': 5000, 'mcts_iters': 100, 'eps': 0.05, 'lr': 0.1, 'flag': 'MCTS'}, 'SA': {'RS_iters': 5000, 'sa_iters': 100, 'eps': 0.05, 'lr': 0.1, 'flag': 'SA'}, 'RME': {'N': 100}}",-8.0766064138
9,510,17.7958555916,"[28, 6, 29, 19, 22, 24, 14, 17, 23, 29]",RME,rep,10,30,10,0.9500000000000001,10000,545.4659497738,"{'APS': {'cooling_schedule': array([     1,     11,     21, ..., 999971, 999981, 999991])}, 'MCTS': {'RS_iters': 5000, 'mcts_iters': 100, 'eps': 0.05, 'lr': 0.1, 'flag': 'MCTS'}, 'SA': {'RS_iters': 5000, 'sa_iters': 100, 'eps': 0.05, 'lr': 0.1, 'flag': 'SA'}, 'RME': {'N': 100}}",-8.2041444084
9,525,18.0226133663,"[20, 12, 14, 19, 14, 24, 13, 19, 10, 28]",RME,rep,10,30,10,0.9500000000000001,10000,560.7788095474,"{'APS': {'cooling_schedule': array([     1,     11,     21, ..., 999971, 999981, 999991])}, 'MCTS': {'RS_iters': 5000, 'mcts_iters': 100, 'eps': 0.05, 'lr': 0.1, 'flag': 'MCTS'}, 'SA': {'RS_iters': 5000, 'sa_iters': 100, 'eps': 0.05, 'lr': 0.1, 'flag': 'SA'}, 'RME': {'N': 100}}",-7.9773866337
9,540,17.780973694300002,"[6, 12, 5, 24, 18, 12, 14, 10, 11, 1]",RME,rep,10,30,10,0.9500000000000001,10000,575.8918290138,"{'APS': {'cooling_schedule': array([     1,     11,     21, ..., 999971, 999981, 999991])}, 'MCTS': {'RS_iters': 5000, 'mcts_iters': 100, 'eps': 0.05, 'lr': 0.1, 'flag': 'MCTS'}, 'SA': {'RS_iters': 5000, 'sa_iters': 100, 'eps': 0.05, 'lr': 0.1, 'flag': 'SA'}, 'RME': {'N': 100}}",-8.2190263057
9,555,17.9070473005,"[22, 4, 3, 4, 27, 4, 14, 29, 21, 28]",RME,rep,10,30,10,0.9500000000000001,10000,590.5665400028,"{'APS': {'cooling_schedule': array([     1,     11,     21, ..., 999971, 999981, 999991])}, 'MCTS': {'RS_iters': 5000, 'mcts_iters': 100, 'eps': 0.05, 'lr': 0.1, 'flag': 'MCTS'}, 'SA': {'RS_iters': 5000, 'sa_iters': 100, 'eps': 0.05, 'lr': 0.1, 'flag': 'SA'}, 'RME': {'N': 100}}",-8.0929526995
9,570,18.8352761523,"[21, 1, 7, 6, 18, 24, 14, 4, 29, 28]",RME,rep,10,30,10,0.9500000000000001,10000,605.0642697811,"{'APS': {'cooling_schedule': array([     1,     11,     21, ..., 999971, 999981, 999991])}, 'MCTS': {'RS_iters': 5000, 'mcts_iters': 100, 'eps': 0.05, 'lr': 0.1, 'flag': 'MCTS'}, 'SA': {'RS_iters': 5000, 'sa_iters': 100, 'eps': 0.05, 'lr': 0.1, 'flag': 'SA'}, 'RME': {'N': 100}}",-7.1647238477
9,585,17.9962751985,"[6, 9, 24, 19, 24, 22, 19, 26, 7, 24]",RME,rep,10,30,10,0.9500000000000001,10000,620.6581332684,"{'APS': {'cooling_schedule': array([     1,     11,     21, ..., 999971, 999981, 999991])}, 'MCTS': {'RS_iters': 5000, 'mcts_iters': 100, 'eps': 0.05, 'lr': 0.1, 'flag': 'MCTS'}, 'SA': {'RS_iters': 5000, 'sa_iters': 100, 'eps': 0.05, 'lr': 0.1, 'flag': 'SA'}, 'RME': {'N': 100}}",-8.0037248015
9,600,17.5765478611,"[6, 17, 3, 27, 13, 10, 24, 15, 1, 5]",RME,rep,10,30,10,0.9500000000000001,10000,635.0837414265,"{'APS': {'cooling_schedule': array([     1,     11,     21, ..., 999971, 999981, 999991])}, 'MCTS': {'RS_iters': 5000, 'mcts_iters': 100, 'eps': 0.05, 'lr': 0.1, 'flag': 'MCTS'}, 'SA': {'RS_iters': 5000, 'sa_iters': 100, 'eps': 0.05, 'lr': 0.1, 'flag': 'SA'}, 'RME': {'N': 100}}",-8.4234521389
9,615,17.9916204472,"[7, 2, 3, 18, 20, 24, 12, 3, 26, 28]",RME,rep,10,30,10,0.9500000000000001,10000,650.7612874508,"{'APS': {'cooling_schedule': array([     1,     11,     21, ..., 999971, 999981, 999991])}, 'MCTS': {'RS_iters': 5000, 'mcts_iters': 100, 'eps': 0.05, 'lr': 0.1, 'flag': 'MCTS'}, 'SA': {'RS_iters': 5000, 'sa_iters': 100, 'eps': 0.05, 'lr': 0.1, 'flag': 'SA'}, 'RME': {'N': 100}}",-8.0083795528
9,630,18.1758069177,"[6, 22, 3, 6, 13, 16, 9, 1, 11, 25]",RME,rep,10,30,10,0.9500000000000001,10000,666.8443338871,"{'APS': {'cooling_schedule': array([     1,     11,     21, ..., 999971, 999981, 999991])}, 'MCTS': {'RS_iters': 5000, 'mcts_iters': 100, 'eps': 0.05, 'lr': 0.1, 'flag': 'MCTS'}, 'SA': {'RS_iters': 5000, 'sa_iters': 100, 'eps': 0.05, 'lr': 0.1, 'flag': 'SA'}, 'RME': {'N': 100}}",-7.8241930823
9,645,18.170208307,"[29, 9, 10, 19, 14, 28, 24, 23, 11, 12]",RME,rep,10,30,10,0.9500000000000001,10000,679.8652851582,"{'APS': {'cooling_schedule': array([     1,     11,     21, ..., 999971, 999981, 999991])}, 'MCTS': {'RS_iters': 5000, 'mcts_iters': 100, 'eps': 0.05, 'lr': 0.1, 'flag': 'MCTS'}, 'SA': {'RS_iters': 5000, 'sa_iters': 100, 'eps': 0.05, 'lr': 0.1, 'flag': 'SA'}, 'RME': {'N': 100}}",-7.829791693
9,660,17.8730631775,"[6, 12, 14, 19, 7, 29, 20, 21, 11, 9]",RME,rep,10,30,10,0.9500000000000001,10000,695.7454042435,"{'APS': {'cooling_schedule': array([     1,     11,     21, ..., 999971, 999981, 999991])}, 'MCTS': {'RS_iters': 5000, 'mcts_iters': 100, 'eps': 0.05, 'lr': 0.1, 'flag': 'MCTS'}, 'SA': {'RS_iters': 5000, 'sa_iters': 100, 'eps': 0.05, 'lr': 0.1, 'flag': 'SA'}, 'RME': {'N': 100}}",-8.1269368225
9,675,18.4582680512,"[6, 9, 20, 21, 13, 23, 16, 19, 0, 28]",RME,rep,10,30,10,0.9500000000000001,10000,710.4004669189,"{'APS': {'cooling_schedule': array([     1,     11,     21, ..., 999971, 999981, 999991])}, 'MCTS': {'RS_iters': 5000, 'mcts_iters': 100, 'eps': 0.05, 'lr': 0.1, 'flag': 'MCTS'}, 'SA': {'RS_iters': 5000, 'sa_iters': 100, 'eps': 0.05, 'lr': 0.1, 'flag': 'SA'}, 'RME': {'N': 100}}",-7.5417319488
9,690,18.193841216,"[6, 20, 26, 19, 22, 6, 23, 21, 7, 28]",RME,rep,10,30,10,0.9500000000000001,10000,726.3258609772,"{'APS': {'cooling_schedule': array([     1,     11,     21, ..., 999971, 999981, 999991])}, 'MCTS': {'RS_iters': 5000, 'mcts_iters': 100, 'eps': 0.05, 'lr': 0.1, 'flag': 'MCTS'}, 'SA': {'RS_iters': 5000, 'sa_iters': 100, 'eps': 0.05, 'lr': 0.1, 'flag': 'SA'}, 'RME': {'N': 100}}",-7.806158784
9,705,18.0696634222,"[6, 9, 28, 3, 18, 15, 14, 17, 21, 3]",RME,rep,10,30,10,0.9500000000000001,10000,741.0328605175,"{'APS': {'cooling_schedule': array([     1,     11,     21, ..., 999971, 999981, 999991])}, 'MCTS': {'RS_iters': 5000, 'mcts_iters': 100, 'eps': 0.05, 'lr': 0.1, 'flag': 'MCTS'}, 'SA': {'RS_iters': 5000, 'sa_iters': 100, 'eps': 0.05, 'lr': 0.1, 'flag': 'SA'}, 'RME': {'N': 100}}",-7.9303365778
9,720,18.0928719774,"[6, 14, 8, 28, 18, 4, 14, 4, 15, 20]",RME,rep,10,30,10,0.9500000000000001,10000,755.4515664577,"{'APS': {'cooling_schedule': array([     1,     11,     21, ..., 999971, 999981, 999991])}, 'MCTS': {'RS_iters': 5000, 'mcts_iters': 100, 'eps': 0.05, 'lr': 0.1, 'flag': 'MCTS'}, 'SA': {'RS_iters': 5000, 'sa_iters': 100, 'eps': 0.05, 'lr': 0.1, 'flag': 'SA'}, 'RME': {'N': 100}}",-7.9071280226
9,735,19.13368627,"[6, 9, 3, 1, 24, 15, 28, 26, 28, 28]",RME,rep,10,30,10,0.9500000000000001,10000,770.5831799507,"{'APS': {'cooling_schedule': array([     1,     11,     21, ..., 999971, 999981, 999991])}, 'MCTS': {'RS_iters': 5000, 'mcts_iters': 100, 'eps': 0.05, 'lr': 0.1, 'flag': 'MCTS'}, 'SA': {'RS_iters': 5000, 'sa_iters': 100, 'eps': 0.05, 'lr': 0.1, 'flag': 'SA'}, 'RME': {'N': 100}}",-6.86631373
9,750,17.8878377045,"[26, 15, 29, 8, 12, 24, 14, 19, 1, 28]",RME,rep,10,30,10,0.9500000000000001,10000,784.940486908,"{'APS': {'cooling_schedule': array([     1,     11,     21, ..., 999971, 999981, 999991])}, 'MCTS': {'RS_iters': 5000, 'mcts_iters': 100, 'eps': 0.05, 'lr': 0.1, 'flag': 'MCTS'}, 'SA': {'RS_iters': 5000, 'sa_iters': 100, 'eps': 0.05, 'lr': 0.1, 'flag': 'SA'}, 'RME': {'N': 100}}",-8.1121622955
9,765,17.8928932967,"[6, 2, 3, 0, 29, 24, 4, 8, 22, 14]",RME,rep,10,30,10,0.9500000000000001,10000,800.5877394676,"{'APS': {'cooling_schedule': array([     1,     11,     21, ..., 999971, 999981, 999991])}, 'MCTS': {'RS_iters': 5000, 'mcts_iters': 100, 'eps': 0.05, 'lr': 0.1, 'flag': 'MCTS'}, 'SA': {'RS_iters': 5000, 'sa_iters': 100, 'eps': 0.05, 'lr': 0.1, 'flag': 'SA'}, 'RME': {'N': 100}}",-8.1071067033
9,780,18.1683390704,"[24, 17, 3, 21, 14, 24, 24, 29, 15, 28]",RME,rep,10,30,10,0.9500000000000001,10000,816.7612025738,"{'APS': {'cooling_schedule': array([     1,     11,     21, ..., 999971, 999981, 999991])}, 'MCTS': {'RS_iters': 5000, 'mcts_iters': 100, 'eps': 0.05, 'lr': 0.1, 'flag': 'MCTS'}, 'SA': {'RS_iters': 5000, 'sa_iters': 100, 'eps': 0.05, 'lr': 0.1, 'flag': 'SA'}, 'RME': {'N': 100}}",-7.8316609296
9,795,17.983769186700002,"[6, 8, 3, 13, 12, 19, 14, 9, 4, 4]",RME,rep,10,30,10,0.9500000000000001,10000,830.1593387127,"{'APS': {'cooling_schedule': array([     1,     11,     21, ..., 999971, 999981, 999991])}, 'MCTS': {'RS_iters': 5000, 'mcts_iters': 100, 'eps': 0.05, 'lr': 0.1, 'flag': 'MCTS'}, 'SA': {'RS_iters': 5000, 'sa_iters': 100, 'eps': 0.05, 'lr': 0.1, 'flag': 'SA'}, 'RME': {'N': 100}}",-8.0162308133
9,810,18.4095081849,"[29, 23, 2, 19, 13, 6, 9, 4, 11, 27]",RME,rep,10,30,10,0.9500000000000001,10000,845.1431455612,"{'APS': {'cooling_schedule': array([     1,     11,     21, ..., 999971, 999981, 999991])}, 'MCTS': {'RS_iters': 5000, 'mcts_iters': 100, 'eps': 0.05, 'lr': 0.1, 'flag': 'MCTS'}, 'SA': {'RS_iters': 5000, 'sa_iters': 100, 'eps': 0.05, 'lr': 0.1, 'flag': 'SA'}, 'RME': {'N': 100}}",-7.5904918151
9,825,18.484912584,"[6, 14, 18, 19, 29, 27, 14, 5, 20, 14]",RME,rep,10,30,10,0.9500000000000001,10000,860.7567503452,"{'APS': {'cooling_schedule': array([     1,     11,     21, ..., 999971, 999981, 999991])}, 'MCTS': {'RS_iters': 5000, 'mcts_iters': 100, 'eps': 0.05, 'lr': 0.1, 'flag': 'MCTS'}, 'SA': {'RS_iters': 5000, 'sa_iters': 100, 'eps': 0.05, 'lr': 0.1, 'flag': 'SA'}, 'RME': {'N': 100}}",-7.515087416
9,840,18.0242128872,"[6, 9, 16, 10, 7, 1, 5, 4, 10, 22]",RME,rep,10,30,10,0.9500000000000001,10000,876.3240594864,"{'APS': {'cooling_schedule': array([     1,     11,     21, ..., 999971, 999981, 999991])}, 'MCTS': {'RS_iters': 5000, 'mcts_iters': 100, 'eps': 0.05, 'lr': 0.1, 'flag': 'MCTS'}, 'SA': {'RS_iters': 5000, 'sa_iters': 100, 'eps': 0.05, 'lr': 0.1, 'flag': 'SA'}, 'RME': {'N': 100}}",-7.9757871128
9,855,18.287613939,"[21, 3, 3, 19, 6, 29, 27, 4, 16, 26]",RME,rep,10,30,10,0.9500000000000001,10000,890.6084499359,"{'APS': {'cooling_schedule': array([     1,     11,     21, ..., 999971, 999981, 999991])}, 'MCTS': {'RS_iters': 5000, 'mcts_iters': 100, 'eps': 0.05, 'lr': 0.1, 'flag': 'MCTS'}, 'SA': {'RS_iters': 5000, 'sa_iters': 100, 'eps': 0.05, 'lr': 0.1, 'flag': 'SA'}, 'RME': {'N': 100}}",-7.712386061
9,870,17.7169571446,"[18, 9, 23, 15, 11, 20, 14, 4, 20, 29]",RME,rep,10,30,10,0.9500000000000001,10000,905.3242459297,"{'APS': {'cooling_schedule': array([     1,     11,     21, ..., 999971, 999981, 999991])}, 'MCTS': {'RS_iters': 5000, 'mcts_iters': 100, 'eps': 0.05, 'lr': 0.1, 'flag': 'MCTS'}, 'SA': {'RS_iters': 5000, 'sa_iters': 100, 'eps': 0.05, 'lr': 0.1, 'flag': 'SA'}, 'RME': {'N': 100}}",-8.2830428554
9,885,18.9903326269,"[23, 9, 22, 19, 4, 5, 6, 14, 11, 28]",RME,rep,10,30,10,0.9500000000000001,10000,921.2406094074,"{'APS': {'cooling_schedule': array([     1,     11,     21, ..., 999971, 999981, 999991])}, 'MCTS': {'RS_iters': 5000, 'mcts_iters': 100, 'eps': 0.05, 'lr': 0.1, 'flag': 'MCTS'}, 'SA': {'RS_iters': 5000, 'sa_iters': 100, 'eps': 0.05, 'lr': 0.1, 'flag': 'SA'}, 'RME': {'N': 100}}",-7.0096673731
9,900,18.0593891469,"[5, 24, 1, 19, 12, 24, 9, 25, 20, 28]",RME,rep,10,30,10,0.9500000000000001,10000,935.0883538723,"{'APS': {'cooling_schedule': array([     1,     11,     21, ..., 999971, 999981, 999991])}, 'MCTS': {'RS_iters': 5000, 'mcts_iters': 100, 'eps': 0.05, 'lr': 0.1, 'flag': 'MCTS'}, 'SA': {'RS_iters': 5000, 'sa_iters': 100, 'eps': 0.05, 'lr': 0.1, 'flag': 'SA'}, 'RME': {'N': 100}}",-7.9406108531
9,915,18.3847598303,"[1, 26, 15, 19, 14, 17, 14, 18, 19, 28]",RME,rep,10,30,10,0.9500000000000001,10000,950.2534766197,"{'APS': {'cooling_schedule': array([     1,     11,     21, ..., 999971, 999981, 999991])}, 'MCTS': {'RS_iters': 5000, 'mcts_iters': 100, 'eps': 0.05, 'lr': 0.1, 'flag': 'MCTS'}, 'SA': {'RS_iters': 5000, 'sa_iters': 100, 'eps': 0.05, 'lr': 0.1, 'flag': 'SA'}, 'RME': {'N': 100}}",-7.6152401697
9,930,18.4137020135,"[6, 9, 14, 26, 29, 5, 15, 24, 11, 21]",RME,rep,10,30,10,0.9500000000000001,10000,966.5238687992,"{'APS': {'cooling_schedule': array([     1,     11,     21, ..., 999971, 999981, 999991])}, 'MCTS': {'RS_iters': 5000, 'mcts_iters': 100, 'eps': 0.05, 'lr': 0.1, 'flag': 'MCTS'}, 'SA': {'RS_iters': 5000, 'sa_iters': 100, 'eps': 0.05, 'lr': 0.1, 'flag': 'SA'}, 'RME': {'N': 100}}",-7.5862979865
9,945,17.4976046233,"[24, 2, 5, 19, 12, 10, 4, 8, 29, 28]",RME,rep,10,30,10,0.9500000000000001,10000,979.7277057171,"{'APS': {'cooling_schedule': array([     1,     11,     21, ..., 999971, 999981, 999991])}, 'MCTS': {'RS_iters': 5000, 'mcts_iters': 100, 'eps': 0.05, 'lr': 0.1, 'flag': 'MCTS'}, 'SA': {'RS_iters': 5000, 'sa_iters': 100, 'eps': 0.05, 'lr': 0.1, 'flag': 'SA'}, 'RME': {'N': 100}}",-8.502395376700001
9,960,17.9463259794,"[18, 24, 3, 19, 24, 19, 23, 18, 0, 28]",RME,rep,10,30,10,0.9500000000000001,10000,995.7196600437,"{'APS': {'cooling_schedule': array([     1,     11,     21, ..., 999971, 999981, 999991])}, 'MCTS': {'RS_iters': 5000, 'mcts_iters': 100, 'eps': 0.05, 'lr': 0.1, 'flag': 'MCTS'}, 'SA': {'RS_iters': 5000, 'sa_iters': 100, 'eps': 0.05, 'lr': 0.1, 'flag': 'SA'}, 'RME': {'N': 100}}",-8.0536740206
9,975,18.3893802023,"[4, 22, 3, 19, 13, 6, 24, 15, 4, 28]",RME,rep,10,30,10,0.9500000000000001,10000,1010.4219989777,"{'APS': {'cooling_schedule': array([     1,     11,     21, ..., 999971, 999981, 999991])}, 'MCTS': {'RS_iters': 5000, 'mcts_iters': 100, 'eps': 0.05, 'lr': 0.1, 'flag': 'MCTS'}, 'SA': {'RS_iters': 5000, 'sa_iters': 100, 'eps': 0.05, 'lr': 0.1, 'flag': 'SA'}, 'RME': {'N': 100}}",-7.6106197977
9,990,17.5774963584,"[6, 15, 3, 20, 6, 10, 7, 8, 16, 19]",RME,rep,10,30,10,0.9500000000000001,10000,1025.5703423023,"{'APS': {'cooling_schedule': array([     1,     11,     21, ..., 999971, 999981, 999991])}, 'MCTS': {'RS_iters': 5000, 'mcts_iters': 100, 'eps': 0.05, 'lr': 0.1, 'flag': 'MCTS'}, 'SA': {'RS_iters': 5000, 'sa_iters': 100, 'eps': 0.05, 'lr': 0.1, 'flag': 'SA'}, 'RME': {'N': 100}}",-8.4225036416
9,1005,17.966719322,"[19, 12, 3, 19, 14, 13, 28, 29, 17, 28]",RME,rep,10,30,10,0.9500000000000001,10000,1040.9781622887,"{'APS': {'cooling_schedule': array([     1,     11,     21, ..., 999971, 999981, 999991])}, 'MCTS': {'RS_iters': 5000, 'mcts_iters': 100, 'eps': 0.05, 'lr': 0.1, 'flag': 'MCTS'}, 'SA': {'RS_iters': 5000, 'sa_iters': 100, 'eps': 0.05, 'lr': 0.1, 'flag': 'SA'}, 'RME': {'N': 100}}",-8.033280678
9,1020,18.5354218376,"[6, 9, 3, 17, 24, 20, 26, 2, 11, 13]",RME,rep,10,30,10,0.9500000000000001,10000,1055.472826004,"{'APS': {'cooling_schedule': array([     1,     11,     21, ..., 999971, 999981, 999991])}, 'MCTS': {'RS_iters': 5000, 'mcts_iters': 100, 'eps': 0.05, 'lr': 0.1, 'flag': 'MCTS'}, 'SA': {'RS_iters': 5000, 'sa_iters': 100, 'eps': 0.05, 'lr': 0.1, 'flag': 'SA'}, 'RME': {'N': 100}}",-7.4645781624
9,1035,19.205359693,"[6, 1, 3, 19, 29, 2, 5, 10, 11, 13]",RME,rep,10,30,10,0.9500000000000001,10000,1071.2742440701,"{'APS': {'cooling_schedule': array([     1,     11,     21, ..., 999971, 999981, 999991])}, 'MCTS': {'RS_iters': 5000, 'mcts_iters': 100, 'eps': 0.05, 'lr': 0.1, 'flag': 'MCTS'}, 'SA': {'RS_iters': 5000, 'sa_iters': 100, 'eps': 0.05, 'lr': 0.1, 'flag': 'SA'}, 'RME': {'N': 100}}",-6.794640307
9,1050,18.0870879435,"[22, 6, 3, 26, 18, 4, 28, 4, 13, 28]",RME,rep,10,30,10,0.9500000000000001,10000,1085.2138197422,"{'APS': {'cooling_schedule': array([     1,     11,     21, ..., 999971, 999981, 999991])}, 'MCTS': {'RS_iters': 5000, 'mcts_iters': 100, 'eps': 0.05, 'lr': 0.1, 'flag': 'MCTS'}, 'SA': {'RS_iters': 5000, 'sa_iters': 100, 'eps': 0.05, 'lr': 0.1, 'flag': 'SA'}, 'RME': {'N': 100}}",-7.9129120565
9,1065,18.1612962097,"[7, 9, 12, 10, 25, 0, 14, 4, 18, 10]",RME,rep,10,30,10,0.9500000000000001,10000,1100.3604543209,"{'APS': {'cooling_schedule': array([     1,     11,     21, ..., 999971, 999981, 999991])}, 'MCTS': {'RS_iters': 5000, 'mcts_iters': 100, 'eps': 0.05, 'lr': 0.1, 'flag': 'MCTS'}, 'SA': {'RS_iters': 5000, 'sa_iters': 100, 'eps': 0.05, 'lr': 0.1, 'flag': 'SA'}, 'RME': {'N': 100}}",-7.8387037903
9,1080,18.3953411024,"[19, 9, 11, 19, 12, 20, 1, 4, 23, 20]",RME,rep,10,30,10,0.9500000000000001,10000,1116.3353018761,"{'APS': {'cooling_schedule': array([     1,     11,     21, ..., 999971, 999981, 999991])}, 'MCTS': {'RS_iters': 5000, 'mcts_iters': 100, 'eps': 0.05, 'lr': 0.1, 'flag': 'MCTS'}, 'SA': {'RS_iters': 5000, 'sa_iters': 100, 'eps': 0.05, 'lr': 0.1, 'flag': 'SA'}, 'RME': {'N': 100}}",-7.6046588976
9,1095,18.4512811006,"[6, 9, 4, 18, 25, 4, 14, 22, 18, 9]",RME,rep,10,30,10,0.9500000000000001,10000,1129.326315403,"{'APS': {'cooling_schedule': array([     1,     11,     21, ..., 999971, 999981, 999991])}, 'MCTS': {'RS_iters': 5000, 'mcts_iters': 100, 'eps': 0.05, 'lr': 0.1, 'flag': 'MCTS'}, 'SA': {'RS_iters': 5000, 'sa_iters': 100, 'eps': 0.05, 'lr': 0.1, 'flag': 'SA'}, 'RME': {'N': 100}}",-7.5487188994
9,1110,19.1773906161,"[21, 9, 3, 21, 12, 11, 10, 4, 11, 16]",RME,rep,10,30,10,0.9500000000000001,10000,1144.4847724438,"{'APS': {'cooling_schedule': array([     1,     11,     21, ..., 999971, 999981, 999991])}, 'MCTS': {'RS_iters': 5000, 'mcts_iters': 100, 'eps': 0.05, 'lr': 0.1, 'flag': 'MCTS'}, 'SA': {'RS_iters': 5000, 'sa_iters': 100, 'eps': 0.05, 'lr': 0.1, 'flag': 'SA'}, 'RME': {'N': 100}}",-6.8226093839
9,1125,18.1055443196,"[10, 9, 6, 9, 14, 24, 21, 16, 23, 28]",RME,rep,10,30,10,0.9500000000000001,10000,1159.6097052097,"{'APS': {'cooling_schedule': array([     1,     11,     21, ..., 999971, 999981, 999991])}, 'MCTS': {'RS_iters': 5000, 'mcts_iters': 100, 'eps': 0.05, 'lr': 0.1, 'flag': 'MCTS'}, 'SA': {'RS_iters': 5000, 'sa_iters': 100, 'eps': 0.05, 'lr': 0.1, 'flag': 'SA'}, 'RME': {'N': 100}}",-7.8944556804
9,1140,17.758349915,"[14, 29, 3, 19, 16, 1, 5, 4, 13, 18]",RME,rep,10,30,10,0.9500000000000001,10000,1174.4166736603,"{'APS': {'cooling_schedule': array([     1,     11,     21, ..., 999971, 999981, 999991])}, 'MCTS': {'RS_iters': 5000, 'mcts_iters': 100, 'eps': 0.05, 'lr': 0.1, 'flag': 'MCTS'}, 'SA': {'RS_iters': 5000, 'sa_iters': 100, 'eps': 0.05, 'lr': 0.1, 'flag': 'SA'}, 'RME': {'N': 100}}",-8.241650085
9,1155,18.4264976399,"[29, 18, 3, 19, 29, 1, 4, 29, 11, 13]",RME,rep,10,30,10,0.9500000000000001,10000,1188.7517821789,"{'APS': {'cooling_schedule': array([     1,     11,     21, ..., 999971, 999981, 999991])}, 'MCTS': {'RS_iters': 5000, 'mcts_iters': 100, 'eps': 0.05, 'lr': 0.1, 'flag': 'MCTS'}, 'SA': {'RS_iters': 5000, 'sa_iters': 100, 'eps': 0.05, 'lr': 0.1, 'flag': 'SA'}, 'RME': {'N': 100}}",-7.5735023601
9,1170,18.3209438739,"[6, 12, 0, 19, 29, 23, 14, 18, 9, 6]",RME,rep,10,30,10,0.9500000000000001,10000,1203.0089383125,"{'APS': {'cooling_schedule': array([     1,     11,     21, ..., 999971, 999981, 999991])}, 'MCTS': {'RS_iters': 5000, 'mcts_iters': 100, 'eps': 0.05, 'lr': 0.1, 'flag': 'MCTS'}, 'SA': {'RS_iters': 5000, 'sa_iters': 100, 'eps': 0.05, 'lr': 0.1, 'flag': 'SA'}, 'RME': {'N': 100}}",-7.6790561261
9,1185,18.9751577503,"[8, 9, 21, 22, 25, 17, 14, 19, 11, 28]",RME,rep,10,30,10,0.9500000000000001,10000,1218.8215219975,"{'APS': {'cooling_schedule': array([     1,     11,     21, ..., 999971, 999981, 999991])}, 'MCTS': {'RS_iters': 5000, 'mcts_iters': 100, 'eps': 0.05, 'lr': 0.1, 'flag': 'MCTS'}, 'SA': {'RS_iters': 5000, 'sa_iters': 100, 'eps': 0.05, 'lr': 0.1, 'flag': 'SA'}, 'RME': {'N': 100}}",-7.0248422497
9,1200,18.1975556071,"[12, 11, 3, 24, 25, 4, 18, 7, 11, 28]",RME,rep,10,30,10,0.9500000000000001,10000,1232.7184846401,"{'APS': {'cooling_schedule': array([     1,     11,     21, ..., 999971, 999981, 999991])}, 'MCTS': {'RS_iters': 5000, 'mcts_iters': 100, 'eps': 0.05, 'lr': 0.1, 'flag': 'MCTS'}, 'SA': {'RS_iters': 5000, 'sa_iters': 100, 'eps': 0.05, 'lr': 0.1, 'flag': 'SA'}, 'RME': {'N': 100}}",-7.8024443929
