ite,time,q,scaled_eu,z,solver,attacker,|Q|,|X|,|T|,rho,k,utility_time,RS_iters,mcts_iters,sa_iters,eps,lr
0,15,22.085948903933033,-8.914051096066967,[8 6 9 5 9 8 2 8 2 5],SA,att,30,10,10,0.95,10000,49.07006859779358,5000,-1,50,0.05,0.1
0,30,23.058708797950402,-7.941291202049598,[4 2 2 5 7 1 5 6 2 0],SA,att,30,10,10,0.95,10000,49.19980454444885,5000,-1,50,0.05,0.1
0,45,23.058708797950402,-7.941291202049598,[4 2 2 5 7 1 5 6 2 0],SA,att,30,10,10,0.95,10000,49.276384592056274,5000,-1,50,0.05,0.1
0,60,26.384750276017055,-4.615249723982945,[5 5 2 8 0 9 5 0 5 8],SA,att,30,10,10,0.95,10000,49.259374380111694,5000,-1,50,0.05,0.1
0,75,26.384750276017055,-4.615249723982945,[9 1 2 6 9 9 5 8 3 9],SA,att,30,10,10,0.95,10000,49.28353691101074,5000,-1,50,0.05,0.1
0,90,26.870649313221534,-4.129350686778466,[1 5 2 6 1 9 5 5 3 7],SA,att,30,10,10,0.95,10000,49.59966206550598,5000,-1,50,0.05,0.1
0,105,26.870649313221534,-4.129350686778466,[8 6 2 1 9 9 5 8 3 9],SA,att,30,10,10,0.95,10000,49.62894797325134,5000,-1,50,0.05,0.1
0,120,26.870649313221534,-4.129350686778466,[6 7 2 1 9 9 5 8 3 9],SA,att,30,10,10,0.95,10000,49.640581369400024,5000,-1,50,0.05,0.1
0,135,28.97692818229782,-2.0230718177021814,[1 3 2 7 0 9 5 0 3 1],SA,att,30,10,10,0.95,10000,49.58955788612366,5000,-1,50,0.05,0.1
0,150,29.6591166940902,-1.3408833059097987,[5 4 2 1 9 9 5 0 3 5],SA,att,30,10,10,0.95,10000,49.47812080383301,5000,-1,50,0.05,0.1
0,165,30.661146669501502,-0.3388533304984982,[5 3 2 1 9 9 5 0 3 3],SA,att,30,10,10,0.95,10000,49.37382674217224,5000,-1,50,0.05,0.1
0,180,30.969986221214686,-0.03001377878531386,[8 3 2 1 9 9 5 0 3 1],SA,att,30,10,10,0.95,10000,49.43309307098389,5000,-1,50,0.05,0.1
0,195,32.18029917531222,1.1802991753122214,[7 3 2 1 9 9 5 0 3 8],SA,att,30,10,10,0.95,10000,49.38128423690796,5000,-1,50,0.05,0.1
0,210,32.19664282481546,1.1966428248154628,[7 3 2 1 9 9 5 0 3 8],SA,att,30,10,10,0.95,10000,49.459567070007324,5000,-1,50,0.05,0.1
0,225,32.19664282481546,1.1966428248154628,[7 3 2 1 9 9 5 0 3 8],SA,att,30,10,10,0.95,10000,49.607662200927734,5000,-1,50,0.05,0.1
0,240,32.19664282481546,1.1966428248154628,[7 3 2 1 9 9 5 0 3 8],SA,att,30,10,10,0.95,10000,49.27582550048828,5000,-1,50,0.05,0.1
0,255,32.19664282481546,1.1966428248154628,[7 3 2 1 9 9 5 0 3 8],SA,att,30,10,10,0.95,10000,49.42477297782898,5000,-1,50,0.05,0.1
0,270,32.19664282481546,1.1966428248154628,[7 3 2 1 9 9 5 0 3 8],SA,att,30,10,10,0.95,10000,49.41862630844116,5000,-1,50,0.05,0.1
0,285,32.22544448819565,1.2254444881956488,[7 3 2 1 9 9 5 0 3 6],SA,att,30,10,10,0.95,10000,49.29820704460144,5000,-1,50,0.05,0.1
0,300,32.22544448819565,1.2254444881956488,[7 3 2 1 9 9 5 0 3 6],SA,att,30,10,10,0.95,10000,49.29143977165222,5000,-1,50,0.05,0.1
0,315,32.22544448819565,1.2254444881956488,[7 3 2 1 9 9 5 0 3 6],SA,att,30,10,10,0.95,10000,49.369603633880615,5000,-1,50,0.05,0.1
0,330,32.22544448819565,1.2254444881956488,[7 3 2 1 9 9 5 0 3 6],SA,att,30,10,10,0.95,10000,49.205353021621704,5000,-1,50,0.05,0.1
0,345,32.22544448819565,1.2254444881956488,[7 3 2 1 9 9 5 0 3 8],SA,att,30,10,10,0.95,10000,49.26348519325256,5000,-1,50,0.05,0.1
0,360,32.22544448819565,1.2254444881956488,[7 3 2 1 9 9 5 0 3 8],SA,att,30,10,10,0.95,10000,49.28607511520386,5000,-1,50,0.05,0.1
0,375,32.22544448819565,1.2254444881956488,[7 3 2 1 9 9 5 0 3 8],SA,att,30,10,10,0.95,10000,49.23885798454285,5000,-1,50,0.05,0.1
0,390,32.22544448819565,1.2254444881956488,[7 3 2 1 9 9 5 0 3 8],SA,att,30,10,10,0.95,10000,49.31474471092224,5000,-1,50,0.05,0.1
0,405,32.22544448819565,1.2254444881956488,[7 3 2 1 9 9 5 0 3 8],SA,att,30,10,10,0.95,10000,49.27893424034119,5000,-1,50,0.05,0.1
0,420,32.22544448819565,1.2254444881956488,[7 3 2 1 9 9 5 0 3 8],SA,att,30,10,10,0.95,10000,49.21410655975342,5000,-1,50,0.05,0.1
0,435,32.22544448819565,1.2254444881956488,[7 3 2 1 9 9 5 0 3 8],SA,att,30,10,10,0.95,10000,49.247387409210205,5000,-1,50,0.05,0.1
0,450,32.22544448819565,1.2254444881956488,[7 3 2 1 9 9 5 0 3 8],SA,att,30,10,10,0.95,10000,49.28094220161438,5000,-1,50,0.05,0.1
0,465,32.22544448819565,1.2254444881956488,[7 3 2 1 9 9 5 0 3 8],SA,att,30,10,10,0.95,10000,49.25721502304077,5000,-1,50,0.05,0.1
0,480,32.22544448819565,1.2254444881956488,[7 3 2 1 9 9 5 0 3 8],SA,att,30,10,10,0.95,10000,49.22294092178345,5000,-1,50,0.05,0.1
0,495,32.22544448819565,1.2254444881956488,[7 3 2 1 9 9 5 0 3 8],SA,att,30,10,10,0.95,10000,49.277177810668945,5000,-1,50,0.05,0.1
0,510,32.22544448819565,1.2254444881956488,[7 3 2 1 9 9 5 0 3 8],SA,att,30,10,10,0.95,10000,49.37984609603882,5000,-1,50,0.05,0.1
0,525,32.22544448819565,1.2254444881956488,[7 3 2 1 9 9 5 0 3 8],SA,att,30,10,10,0.95,10000,49.345250606536865,5000,-1,50,0.05,0.1
0,540,32.22544448819565,1.2254444881956488,[7 3 2 1 9 9 5 0 3 8],SA,att,30,10,10,0.95,10000,49.30958127975464,5000,-1,50,0.05,0.1
0,555,32.22544448819565,1.2254444881956488,[7 3 2 1 9 9 5 0 3 8],SA,att,30,10,10,0.95,10000,49.169986963272095,5000,-1,50,0.05,0.1
0,570,32.22544448819565,1.2254444881956488,[7 3 2 1 9 9 5 0 3 8],SA,att,30,10,10,0.95,10000,49.25994920730591,5000,-1,50,0.05,0.1
0,585,32.22544448819565,1.2254444881956488,[7 3 2 1 9 9 5 0 3 8],SA,att,30,10,10,0.95,10000,49.300933837890625,5000,-1,50,0.05,0.1
0,600,32.22544448819565,1.2254444881956488,[7 3 2 1 9 9 5 0 3 8],SA,att,30,10,10,0.95,10000,49.19395709037781,5000,-1,50,0.05,0.1
0,615,32.22544448819565,1.2254444881956488,[7 3 2 1 9 9 5 0 3 8],SA,att,30,10,10,0.95,10000,49.21572136878967,5000,-1,50,0.05,0.1
0,630,32.22544448819565,1.2254444881956488,[7 3 2 1 9 9 5 0 3 8],SA,att,30,10,10,0.95,10000,49.300377368927,5000,-1,50,0.05,0.1
0,645,32.22544448819565,1.2254444881956488,[7 3 2 1 9 9 5 0 3 8],SA,att,30,10,10,0.95,10000,49.21449112892151,5000,-1,50,0.05,0.1
0,660,32.22544448819565,1.2254444881956488,[7 3 2 1 9 9 5 0 3 8],SA,att,30,10,10,0.95,10000,49.26573395729065,5000,-1,50,0.05,0.1
0,675,32.22544448819565,1.2254444881956488,[7 3 2 1 9 9 5 0 3 8],SA,att,30,10,10,0.95,10000,49.245460748672485,5000,-1,50,0.05,0.1
0,690,32.22544448819565,1.2254444881956488,[7 3 2 1 9 9 5 0 3 8],SA,att,30,10,10,0.95,10000,49.1986243724823,5000,-1,50,0.05,0.1
0,705,32.22544448819565,1.2254444881956488,[7 3 2 1 9 9 5 0 3 8],SA,att,30,10,10,0.95,10000,49.25328493118286,5000,-1,50,0.05,0.1
0,720,32.22544448819565,1.2254444881956488,[7 3 2 1 9 9 5 0 3 8],SA,att,30,10,10,0.95,10000,49.260581254959106,5000,-1,50,0.05,0.1
0,735,32.22544448819565,1.2254444881956488,[7 3 2 1 9 9 5 0 3 8],SA,att,30,10,10,0.95,10000,49.268380641937256,5000,-1,50,0.05,0.1
0,750,32.22544448819565,1.2254444881956488,[7 3 2 1 9 9 5 0 3 8],SA,att,30,10,10,0.95,10000,49.30990719795227,5000,-1,50,0.05,0.1
0,765,32.22544448819565,1.2254444881956488,[7 3 2 1 9 9 5 0 3 8],SA,att,30,10,10,0.95,10000,49.28986072540283,5000,-1,50,0.05,0.1
0,780,32.22544448819565,1.2254444881956488,[7 3 2 1 9 9 5 0 3 8],SA,att,30,10,10,0.95,10000,49.31930422782898,5000,-1,50,0.05,0.1
0,795,32.22544448819565,1.2254444881956488,[7 3 2 1 9 9 5 0 3 8],SA,att,30,10,10,0.95,10000,49.32189440727234,5000,-1,50,0.05,0.1
0,810,32.22544448819565,1.2254444881956488,[7 3 2 1 9 9 5 0 3 8],SA,att,30,10,10,0.95,10000,49.26343107223511,5000,-1,50,0.05,0.1
0,825,32.22544448819565,1.2254444881956488,[7 3 2 1 9 9 5 0 3 8],SA,att,30,10,10,0.95,10000,49.29536056518555,5000,-1,50,0.05,0.1
0,840,32.22544448819565,1.2254444881956488,[7 3 2 1 9 9 5 0 3 8],SA,att,30,10,10,0.95,10000,49.17772889137268,5000,-1,50,0.05,0.1
0,855,32.22544448819565,1.2254444881956488,[7 3 2 1 9 9 5 0 3 8],SA,att,30,10,10,0.95,10000,49.24885439872742,5000,-1,50,0.05,0.1
0,870,32.22544448819565,1.2254444881956488,[7 3 2 1 9 9 5 0 3 8],SA,att,30,10,10,0.95,10000,49.388389110565186,5000,-1,50,0.05,0.1
0,885,32.22544448819565,1.2254444881956488,[7 3 2 1 9 9 5 0 3 8],SA,att,30,10,10,0.95,10000,49.35724687576294,5000,-1,50,0.05,0.1
0,900,32.22544448819565,1.2254444881956488,[7 3 2 1 9 9 5 0 3 8],SA,att,30,10,10,0.95,10000,49.408621072769165,5000,-1,50,0.05,0.1
0,915,32.22544448819565,1.2254444881956488,[7 3 2 1 9 9 5 0 3 8],SA,att,30,10,10,0.95,10000,49.439220905303955,5000,-1,50,0.05,0.1
0,930,32.22544448819565,1.2254444881956488,[7 3 2 1 9 9 5 0 3 8],SA,att,30,10,10,0.95,10000,49.37848210334778,5000,-1,50,0.05,0.1
0,945,32.22544448819565,1.2254444881956488,[7 3 2 1 9 9 5 0 3 8],SA,att,30,10,10,0.95,10000,49.352447509765625,5000,-1,50,0.05,0.1
0,960,32.22544448819565,1.2254444881956488,[7 3 2 1 9 9 5 0 3 8],SA,att,30,10,10,0.95,10000,49.29479765892029,5000,-1,50,0.05,0.1
0,975,32.22544448819565,1.2254444881956488,[7 3 2 1 9 9 5 0 3 8],SA,att,30,10,10,0.95,10000,49.314048767089844,5000,-1,50,0.05,0.1
0,990,32.22544448819565,1.2254444881956488,[7 3 2 1 9 9 5 0 3 8],SA,att,30,10,10,0.95,10000,49.41216015815735,5000,-1,50,0.05,0.1
0,1005,32.22544448819565,1.2254444881956488,[7 3 2 1 9 9 5 0 3 8],SA,att,30,10,10,0.95,10000,49.35289001464844,5000,-1,50,0.05,0.1
0,1020,32.22544448819565,1.2254444881956488,[7 3 2 1 9 9 5 0 3 8],SA,att,30,10,10,0.95,10000,49.43776297569275,5000,-1,50,0.05,0.1
0,1035,32.22544448819565,1.2254444881956488,[7 3 2 1 9 9 5 0 3 8],SA,att,30,10,10,0.95,10000,49.40629506111145,5000,-1,50,0.05,0.1
0,1050,32.22544448819565,1.2254444881956488,[7 3 2 1 9 9 5 0 3 8],SA,att,30,10,10,0.95,10000,49.454986810684204,5000,-1,50,0.05,0.1
0,1065,32.22544448819565,1.2254444881956488,[7 3 2 1 9 9 5 0 3 8],SA,att,30,10,10,0.95,10000,49.385507583618164,5000,-1,50,0.05,0.1
0,1080,32.22544448819565,1.2254444881956488,[7 3 2 1 9 9 5 0 3 8],SA,att,30,10,10,0.95,10000,49.332358837127686,5000,-1,50,0.05,0.1
0,1095,32.22544448819565,1.2254444881956488,[7 3 2 1 9 9 5 0 3 8],SA,att,30,10,10,0.95,10000,47.76689863204956,5000,-1,50,0.05,0.1
0,1110,32.22544448819565,1.2254444881956488,[7 3 2 1 9 9 5 0 3 8],SA,att,30,10,10,0.95,10000,49.1156747341156,5000,-1,50,0.05,0.1
0,1125,32.22544448819565,1.2254444881956488,[7 3 2 1 9 9 5 0 3 8],SA,att,30,10,10,0.95,10000,49.47138738632202,5000,-1,50,0.05,0.1
0,1140,32.22544448819565,1.2254444881956488,[7 3 2 1 9 9 5 0 3 8],SA,att,30,10,10,0.95,10000,49.383737564086914,5000,-1,50,0.05,0.1
0,1155,32.22544448819565,1.2254444881956488,[7 3 2 1 9 9 5 0 3 8],SA,att,30,10,10,0.95,10000,49.47006368637085,5000,-1,50,0.05,0.1
0,1170,32.22544448819565,1.2254444881956488,[7 3 2 1 9 9 5 0 3 8],SA,att,30,10,10,0.95,10000,49.42631793022156,5000,-1,50,0.05,0.1
0,1185,32.22544448819565,1.2254444881956488,[7 3 2 1 9 9 5 0 3 8],SA,att,30,10,10,0.95,10000,44.89682126045227,5000,-1,50,0.05,0.1
0,1200,32.22544448819565,1.2254444881956488,[7 3 2 1 9 9 5 0 3 8],SA,att,30,10,10,0.95,10000,47.558767795562744,5000,-1,50,0.05,0.1
1,15,22.34298856916509,-8.65701143083491,[2 6 8 8 5 0 9 0 8 4],SA,att,30,10,10,0.95,10000,49.227001905441284,5000,-1,50,0.05,0.1
1,30,26.29203138848697,-4.7079686115130315,[2 3 6 1 9 1 5 0 9 1],SA,att,30,10,10,0.95,10000,49.38180184364319,5000,-1,50,0.05,0.1
1,45,26.29203138848697,-4.7079686115130315,[2 3 6 1 9 1 5 0 9 1],SA,att,30,10,10,0.95,10000,49.40217161178589,5000,-1,50,0.05,0.1
1,60,26.333093934106426,-4.666906065893574,[9 3 5 4 9 1 5 2 3 3],SA,att,30,10,10,0.95,10000,49.30542731285095,5000,-1,50,0.05,0.1
1,75,26.333093934106426,-4.666906065893574,[9 3 5 2 3 9 0 0 3 1],SA,att,30,10,10,0.95,10000,49.46323895454407,5000,-1,50,0.05,0.1
1,90,29.092204721446812,-1.9077952785531878,[5 3 7 1 9 9 6 0 3 1],SA,att,30,10,10,0.95,10000,49.414854764938354,5000,-1,50,0.05,0.1
1,105,29.092204721446812,-1.9077952785531878,[7 3 7 1 9 9 5 0 3 6],SA,att,30,10,10,0.95,10000,49.46366500854492,5000,-1,50,0.05,0.1
1,120,29.092204721446812,-1.9077952785531878,[7 3 7 1 9 9 5 0 3 6],SA,att,30,10,10,0.95,10000,49.476282835006714,5000,-1,50,0.05,0.1
1,135,29.641812987338437,-1.3581870126615634,[2 3 7 1 9 9 5 0 3 0],SA,att,30,10,10,0.95,10000,49.402864933013916,5000,-1,50,0.05,0.1
1,150,31.21021873352032,0.21021873352032117,[7 3 6 1 9 9 5 0 3 6],SA,att,30,10,10,0.95,10000,49.30094599723816,5000,-1,50,0.05,0.1
1,165,31.21021873352032,0.21021873352032117,[7 3 7 1 9 9 5 0 3 6],SA,att,30,10,10,0.95,10000,49.32408094406128,5000,-1,50,0.05,0.1
1,180,31.21021873352032,0.21021873352032117,[7 3 6 1 9 9 5 0 3 8],SA,att,30,10,10,0.95,10000,49.46318507194519,5000,-1,50,0.05,0.1
1,195,31.21021873352032,0.21021873352032117,[7 3 6 1 9 9 5 0 3 8],SA,att,30,10,10,0.95,10000,49.454200983047485,5000,-1,50,0.05,0.1
1,210,32.22401871537026,1.2240187153702635,[7 3 2 1 9 9 5 0 3 6],SA,att,30,10,10,0.95,10000,49.45355701446533,5000,-1,50,0.05,0.1
1,225,32.22401871537026,1.2240187153702635,[7 3 2 1 9 9 5 0 3 8],SA,att,30,10,10,0.95,10000,49.56320023536682,5000,-1,50,0.05,0.1
1,240,32.22401871537026,1.2240187153702635,[7 3 2 1 9 9 5 0 3 8],SA,att,30,10,10,0.95,10000,49.48947501182556,5000,-1,50,0.05,0.1
1,255,32.22401871537026,1.2240187153702635,[7 3 2 1 9 9 5 0 3 8],SA,att,30,10,10,0.95,10000,49.4657518863678,5000,-1,50,0.05,0.1
1,270,32.22401871537026,1.2240187153702635,[7 3 2 1 9 9 5 0 3 8],SA,att,30,10,10,0.95,10000,49.48771333694458,5000,-1,50,0.05,0.1
1,285,32.22401871537026,1.2240187153702635,[7 3 2 1 9 9 5 0 3 8],SA,att,30,10,10,0.95,10000,49.62959623336792,5000,-1,50,0.05,0.1
1,300,32.22401871537026,1.2240187153702635,[7 3 2 1 9 9 5 0 3 8],SA,att,30,10,10,0.95,10000,49.49786400794983,5000,-1,50,0.05,0.1
1,315,32.22401871537026,1.2240187153702635,[7 3 2 1 9 9 5 0 3 8],SA,att,30,10,10,0.95,10000,49.56845736503601,5000,-1,50,0.05,0.1
1,330,32.22401871537026,1.2240187153702635,[7 3 2 1 9 9 5 0 3 8],SA,att,30,10,10,0.95,10000,49.51252055168152,5000,-1,50,0.05,0.1
1,345,32.22401871537026,1.2240187153702635,[7 3 2 1 9 9 5 0 3 8],SA,att,30,10,10,0.95,10000,49.41114664077759,5000,-1,50,0.05,0.1
1,360,32.22401871537026,1.2240187153702635,[7 3 2 1 9 9 5 0 3 8],SA,att,30,10,10,0.95,10000,49.397868633270264,5000,-1,50,0.05,0.1
1,375,32.22401871537026,1.2240187153702635,[7 3 2 1 9 9 5 0 3 8],SA,att,30,10,10,0.95,10000,49.56845664978027,5000,-1,50,0.05,0.1
1,390,32.22401871537026,1.2240187153702635,[7 3 2 1 9 9 5 0 3 8],SA,att,30,10,10,0.95,10000,49.37380886077881,5000,-1,50,0.05,0.1
1,405,32.22401871537026,1.2240187153702635,[7 3 2 1 9 9 5 0 3 8],SA,att,30,10,10,0.95,10000,49.45146727561951,5000,-1,50,0.05,0.1
1,420,32.22401871537026,1.2240187153702635,[7 3 2 1 9 9 5 0 3 8],SA,att,30,10,10,0.95,10000,49.557950258255005,5000,-1,50,0.05,0.1
1,435,32.22401871537026,1.2240187153702635,[7 3 2 1 9 9 5 0 3 8],SA,att,30,10,10,0.95,10000,49.48164677619934,5000,-1,50,0.05,0.1
1,450,32.22401871537026,1.2240187153702635,[7 3 2 1 9 9 5 0 3 8],SA,att,30,10,10,0.95,10000,49.39704918861389,5000,-1,50,0.05,0.1
1,465,32.22401871537026,1.2240187153702635,[7 3 2 1 9 9 5 0 3 8],SA,att,30,10,10,0.95,10000,49.51647472381592,5000,-1,50,0.05,0.1
1,480,32.22401871537026,1.2240187153702635,[7 3 2 1 9 9 5 0 3 8],SA,att,30,10,10,0.95,10000,49.39641070365906,5000,-1,50,0.05,0.1
1,495,32.22401871537026,1.2240187153702635,[7 3 2 1 9 9 5 0 3 8],SA,att,30,10,10,0.95,10000,49.573917627334595,5000,-1,50,0.05,0.1
1,510,32.22401871537026,1.2240187153702635,[7 3 2 1 9 9 5 0 3 8],SA,att,30,10,10,0.95,10000,49.52365231513977,5000,-1,50,0.05,0.1
1,525,32.22401871537026,1.2240187153702635,[7 3 2 1 9 9 5 0 3 8],SA,att,30,10,10,0.95,10000,49.53961777687073,5000,-1,50,0.05,0.1
1,540,32.22401871537026,1.2240187153702635,[7 3 2 1 9 9 5 0 3 8],SA,att,30,10,10,0.95,10000,49.4651460647583,5000,-1,50,0.05,0.1
1,555,32.22401871537026,1.2240187153702635,[7 3 2 1 9 9 5 0 3 8],SA,att,30,10,10,0.95,10000,49.487974405288696,5000,-1,50,0.05,0.1
1,570,32.22401871537026,1.2240187153702635,[7 3 2 1 9 9 5 0 3 8],SA,att,30,10,10,0.95,10000,49.46903967857361,5000,-1,50,0.05,0.1
1,585,32.22401871537026,1.2240187153702635,[7 3 2 1 9 9 5 0 3 8],SA,att,30,10,10,0.95,10000,49.42372679710388,5000,-1,50,0.05,0.1
1,600,32.22401871537026,1.2240187153702635,[7 3 2 1 9 9 5 0 3 8],SA,att,30,10,10,0.95,10000,49.41123723983765,5000,-1,50,0.05,0.1
1,615,32.22401871537026,1.2240187153702635,[7 3 2 1 9 9 5 0 3 8],SA,att,30,10,10,0.95,10000,49.39696002006531,5000,-1,50,0.05,0.1
1,630,32.22401871537026,1.2240187153702635,[7 3 2 1 9 9 5 0 3 8],SA,att,30,10,10,0.95,10000,49.51761507987976,5000,-1,50,0.05,0.1
1,645,32.22401871537026,1.2240187153702635,[7 3 2 1 9 9 5 0 3 8],SA,att,30,10,10,0.95,10000,49.25133037567139,5000,-1,50,0.05,0.1
1,660,32.22401871537026,1.2240187153702635,[7 3 2 1 9 9 5 0 3 8],SA,att,30,10,10,0.95,10000,49.43921160697937,5000,-1,50,0.05,0.1
1,675,32.22401871537026,1.2240187153702635,[7 3 2 1 9 9 5 0 3 8],SA,att,30,10,10,0.95,10000,49.39807939529419,5000,-1,50,0.05,0.1
1,690,32.22401871537026,1.2240187153702635,[7 3 2 1 9 9 5 0 3 8],SA,att,30,10,10,0.95,10000,49.521236181259155,5000,-1,50,0.05,0.1
1,705,32.22401871537026,1.2240187153702635,[7 3 2 1 9 9 5 0 3 8],SA,att,30,10,10,0.95,10000,49.46268701553345,5000,-1,50,0.05,0.1
1,720,32.22401871537026,1.2240187153702635,[7 3 2 1 9 9 5 0 3 8],SA,att,30,10,10,0.95,10000,49.4513635635376,5000,-1,50,0.05,0.1
1,735,32.22401871537026,1.2240187153702635,[7 3 2 1 9 9 5 0 3 8],SA,att,30,10,10,0.95,10000,49.49454617500305,5000,-1,50,0.05,0.1
1,750,32.22401871537026,1.2240187153702635,[7 3 2 1 9 9 5 0 3 8],SA,att,30,10,10,0.95,10000,49.50297141075134,5000,-1,50,0.05,0.1
1,765,32.22401871537026,1.2240187153702635,[7 3 2 1 9 9 5 0 3 8],SA,att,30,10,10,0.95,10000,49.430866718292236,5000,-1,50,0.05,0.1
1,780,32.22401871537026,1.2240187153702635,[7 3 2 1 9 9 5 0 3 8],SA,att,30,10,10,0.95,10000,49.49274015426636,5000,-1,50,0.05,0.1
1,795,32.22401871537026,1.2240187153702635,[7 3 2 1 9 9 5 0 3 8],SA,att,30,10,10,0.95,10000,49.462239503860474,5000,-1,50,0.05,0.1
1,810,32.22401871537026,1.2240187153702635,[7 3 2 1 9 9 5 0 3 8],SA,att,30,10,10,0.95,10000,49.56607151031494,5000,-1,50,0.05,0.1
1,825,32.22401871537026,1.2240187153702635,[7 3 2 1 9 9 5 0 3 8],SA,att,30,10,10,0.95,10000,49.438847064971924,5000,-1,50,0.05,0.1
1,840,32.22401871537026,1.2240187153702635,[7 3 2 1 9 9 5 0 3 8],SA,att,30,10,10,0.95,10000,49.241610527038574,5000,-1,50,0.05,0.1
1,855,32.22401871537026,1.2240187153702635,[7 3 2 1 9 9 5 0 3 8],SA,att,30,10,10,0.95,10000,49.454567432403564,5000,-1,50,0.05,0.1
1,870,32.22401871537026,1.2240187153702635,[7 3 2 1 9 9 5 0 3 8],SA,att,30,10,10,0.95,10000,49.52506232261658,5000,-1,50,0.05,0.1
1,885,32.22401871537026,1.2240187153702635,[7 3 2 1 9 9 5 0 3 8],SA,att,30,10,10,0.95,10000,49.511107206344604,5000,-1,50,0.05,0.1
1,900,32.22401871537026,1.2240187153702635,[7 3 2 1 9 9 5 0 3 8],SA,att,30,10,10,0.95,10000,49.47512149810791,5000,-1,50,0.05,0.1
1,915,32.22401871537026,1.2240187153702635,[7 3 2 1 9 9 5 0 3 8],SA,att,30,10,10,0.95,10000,49.636141300201416,5000,-1,50,0.05,0.1
1,930,32.22401871537026,1.2240187153702635,[7 3 2 1 9 9 5 0 3 8],SA,att,30,10,10,0.95,10000,49.63223481178284,5000,-1,50,0.05,0.1
1,945,32.22401871537026,1.2240187153702635,[7 3 2 1 9 9 5 0 3 8],SA,att,30,10,10,0.95,10000,49.54075622558594,5000,-1,50,0.05,0.1
1,960,32.22401871537026,1.2240187153702635,[7 3 2 1 9 9 5 0 3 8],SA,att,30,10,10,0.95,10000,49.37785983085632,5000,-1,50,0.05,0.1
1,975,32.22401871537026,1.2240187153702635,[7 3 2 1 9 9 5 0 3 8],SA,att,30,10,10,0.95,10000,49.40228867530823,5000,-1,50,0.05,0.1
1,990,32.22401871537026,1.2240187153702635,[7 3 2 1 9 9 5 0 3 8],SA,att,30,10,10,0.95,10000,49.38868737220764,5000,-1,50,0.05,0.1
1,1005,32.22401871537026,1.2240187153702635,[7 3 2 1 9 9 5 0 3 8],SA,att,30,10,10,0.95,10000,49.459228515625,5000,-1,50,0.05,0.1
1,1020,32.22401871537026,1.2240187153702635,[7 3 2 1 9 9 5 0 3 8],SA,att,30,10,10,0.95,10000,49.57327723503113,5000,-1,50,0.05,0.1
1,1035,32.22401871537026,1.2240187153702635,[7 3 2 1 9 9 5 0 3 8],SA,att,30,10,10,0.95,10000,49.568761587142944,5000,-1,50,0.05,0.1
1,1050,32.22401871537026,1.2240187153702635,[7 3 2 1 9 9 5 0 3 8],SA,att,30,10,10,0.95,10000,49.521244764328,5000,-1,50,0.05,0.1
1,1065,32.22401871537026,1.2240187153702635,[7 3 2 1 9 9 5 0 3 8],SA,att,30,10,10,0.95,10000,49.55079412460327,5000,-1,50,0.05,0.1
1,1080,32.22401871537026,1.2240187153702635,[7 3 2 1 9 9 5 0 3 8],SA,att,30,10,10,0.95,10000,49.50130486488342,5000,-1,50,0.05,0.1
1,1095,32.22401871537026,1.2240187153702635,[7 3 2 1 9 9 5 0 3 8],SA,att,30,10,10,0.95,10000,49.3185601234436,5000,-1,50,0.05,0.1
1,1110,32.22401871537026,1.2240187153702635,[7 3 2 1 9 9 5 0 3 8],SA,att,30,10,10,0.95,10000,49.33075261116028,5000,-1,50,0.05,0.1
1,1125,32.22401871537026,1.2240187153702635,[7 3 2 1 9 9 5 0 3 8],SA,att,30,10,10,0.95,10000,49.48123335838318,5000,-1,50,0.05,0.1
1,1140,32.22401871537026,1.2240187153702635,[7 3 2 1 9 9 5 0 3 8],SA,att,30,10,10,0.95,10000,49.47309327125549,5000,-1,50,0.05,0.1
1,1155,32.22401871537026,1.2240187153702635,[7 3 2 1 9 9 5 0 3 8],SA,att,30,10,10,0.95,10000,49.399094581604004,5000,-1,50,0.05,0.1
1,1170,32.22401871537026,1.2240187153702635,[7 3 2 1 9 9 5 0 3 8],SA,att,30,10,10,0.95,10000,49.517571210861206,5000,-1,50,0.05,0.1
1,1185,32.22401871537026,1.2240187153702635,[7 3 2 1 9 9 5 0 3 8],SA,att,30,10,10,0.95,10000,47.307865858078,5000,-1,50,0.05,0.1
1,1200,32.22401871537026,1.2240187153702635,[7 3 2 1 9 9 5 0 3 8],SA,att,30,10,10,0.95,10000,46.21217679977417,5000,-1,50,0.05,0.1
2,15,22.910359912091884,-8.089640087908116,[4 1 9 5 4 3 4 3 5 6],SA,att,30,10,10,0.95,10000,48.04551339149475,5000,-1,50,0.05,0.1
2,30,23.546316680719638,-7.453683319280362,[1 8 7 5 1 9 7 9 4 3],SA,att,30,10,10,0.95,10000,48.07710409164429,5000,-1,50,0.05,0.1
2,45,24.01465546641602,-6.98534453358398,[9 8 7 3 1 9 6 8 4 3],SA,att,30,10,10,0.95,10000,48.04991912841797,5000,-1,50,0.05,0.1
2,60,24.01465546641602,-6.98534453358398,[9 8 7 3 1 9 6 8 4 3],SA,att,30,10,10,0.95,10000,48.00699162483215,5000,-1,50,0.05,0.1
2,75,27.826822869869677,-3.1731771301303233,[0 4 9 1 9 9 5 0 5 6],SA,att,30,10,10,0.95,10000,48.00679302215576,5000,-1,50,0.05,0.1
2,90,27.826822869869677,-3.1731771301303233,[0 4 9 1 9 9 5 0 5 6],SA,att,30,10,10,0.95,10000,63.49622058868408,5000,-1,50,0.05,0.1
2,105,27.826822869869677,-3.1731771301303233,[0 4 9 1 9 9 5 0 5 6],SA,att,30,10,10,0.95,10000,44.14751887321472,5000,-1,50,0.05,0.1
2,120,28.825254073498638,-2.1747459265013624,[0 3 9 1 9 9 1 0 3 5],SA,att,30,10,10,0.95,10000,44.00689458847046,5000,-1,50,0.05,0.1
2,135,29.30434046158039,-1.6956595384196085,[5 3 2 6 9 9 8 0 3 6],SA,att,30,10,10,0.95,10000,44.078089237213135,5000,-1,50,0.05,0.1
2,150,31.298026758115896,0.2980267581158955,[7 3 2 1 9 9 6 0 3 6],SA,att,30,10,10,0.95,10000,43.98679280281067,5000,-1,50,0.05,0.1
2,165,31.298026758115896,0.2980267581158955,[7 3 2 1 9 9 6 0 3 6],SA,att,30,10,10,0.95,10000,44.001423358917236,5000,-1,50,0.05,0.1
2,180,31.298026758115896,0.2980267581158955,[7 3 2 1 9 9 6 0 3 6],SA,att,30,10,10,0.95,10000,43.91717314720154,5000,-1,50,0.05,0.1
2,195,31.309890894007793,0.30989089400779335,[7 3 2 1 9 9 9 0 3 6],SA,att,30,10,10,0.95,10000,43.94543433189392,5000,-1,50,0.05,0.1
2,210,31.309890894007793,0.30989089400779335,[7 3 2 1 9 9 5 0 3 6],SA,att,30,10,10,0.95,10000,44.08676481246948,5000,-1,50,0.05,0.1
2,225,32.20359037040861,1.2035903704086124,[7 3 2 1 9 9 5 0 3 6],SA,att,30,10,10,0.95,10000,44.153488636016846,5000,-1,50,0.05,0.1
2,240,32.211122296887126,1.211122296887126,[7 3 2 1 9 9 5 0 3 6],SA,att,30,10,10,0.95,10000,44.16843342781067,5000,-1,50,0.05,0.1
2,255,32.217146881181726,1.2171468811817263,[7 3 2 1 9 9 5 0 3 6],SA,att,30,10,10,0.95,10000,43.80868077278137,5000,-1,50,0.05,0.1
2,270,32.217146881181726,1.2171468811817263,[7 3 2 1 9 9 5 0 3 6],SA,att,30,10,10,0.95,10000,43.903160572052,5000,-1,50,0.05,0.1
2,285,32.217146881181726,1.2171468811817263,[7 3 2 1 9 9 5 0 3 6],SA,att,30,10,10,0.95,10000,43.87098979949951,5000,-1,50,0.05,0.1
2,300,32.217146881181726,1.2171468811817263,[7 3 2 1 9 9 5 0 3 6],SA,att,30,10,10,0.95,10000,43.93915629386902,5000,-1,50,0.05,0.1
2,315,32.217146881181726,1.2171468811817263,[7 3 2 1 9 9 5 0 3 6],SA,att,30,10,10,0.95,10000,44.0091187953949,5000,-1,50,0.05,0.1
2,330,32.217146881181726,1.2171468811817263,[7 3 2 1 9 9 5 0 3 8],SA,att,30,10,10,0.95,10000,43.91956853866577,5000,-1,50,0.05,0.1
2,345,32.217146881181726,1.2171468811817263,[7 3 2 1 9 9 5 0 3 8],SA,att,30,10,10,0.95,10000,43.94766306877136,5000,-1,50,0.05,0.1
2,360,32.21863948412113,1.2186394841211268,[7 3 2 1 9 9 5 0 3 6],SA,att,30,10,10,0.95,10000,43.880176305770874,5000,-1,50,0.05,0.1
2,375,32.21863948412113,1.2186394841211268,[7 3 2 1 9 9 5 0 3 8],SA,att,30,10,10,0.95,10000,43.947096824645996,5000,-1,50,0.05,0.1
2,390,32.21863948412113,1.2186394841211268,[7 3 2 1 9 9 5 0 3 8],SA,att,30,10,10,0.95,10000,43.880714654922485,5000,-1,50,0.05,0.1
2,405,32.22657079293786,1.2265707929378635,[7 3 2 1 9 9 5 0 3 6],SA,att,30,10,10,0.95,10000,43.8551139831543,5000,-1,50,0.05,0.1
2,420,32.22657079293786,1.2265707929378635,[7 3 2 1 9 9 5 0 3 6],SA,att,30,10,10,0.95,10000,43.87577962875366,5000,-1,50,0.05,0.1
2,435,32.22657079293786,1.2265707929378635,[7 3 2 1 9 9 5 0 3 8],SA,att,30,10,10,0.95,10000,43.993483543395996,5000,-1,50,0.05,0.1
2,450,32.22657079293786,1.2265707929378635,[7 3 2 1 9 9 5 0 3 8],SA,att,30,10,10,0.95,10000,44.05691838264465,5000,-1,50,0.05,0.1
2,465,32.22657079293786,1.2265707929378635,[7 3 2 1 9 9 5 0 3 8],SA,att,30,10,10,0.95,10000,44.15398049354553,5000,-1,50,0.05,0.1
2,480,32.22657079293786,1.2265707929378635,[7 3 2 1 9 9 5 0 3 8],SA,att,30,10,10,0.95,10000,44.151800870895386,5000,-1,50,0.05,0.1
2,495,32.22657079293786,1.2265707929378635,[7 3 2 1 9 9 5 0 3 8],SA,att,30,10,10,0.95,10000,44.08348083496094,5000,-1,50,0.05,0.1
2,510,32.22657079293786,1.2265707929378635,[7 3 2 1 9 9 5 0 3 8],SA,att,30,10,10,0.95,10000,44.06817388534546,5000,-1,50,0.05,0.1
2,525,32.22657079293786,1.2265707929378635,[7 3 2 1 9 9 5 0 3 8],SA,att,30,10,10,0.95,10000,44.02960562705994,5000,-1,50,0.05,0.1
2,540,32.22657079293786,1.2265707929378635,[7 3 2 1 9 9 5 0 3 8],SA,att,30,10,10,0.95,10000,44.16887283325195,5000,-1,50,0.05,0.1
2,555,32.22657079293786,1.2265707929378635,[7 3 2 1 9 9 5 0 3 8],SA,att,30,10,10,0.95,10000,44.09144449234009,5000,-1,50,0.05,0.1
2,570,32.22657079293786,1.2265707929378635,[7 3 2 1 9 9 5 0 3 8],SA,att,30,10,10,0.95,10000,44.12853264808655,5000,-1,50,0.05,0.1
2,585,32.22657079293786,1.2265707929378635,[7 3 2 1 9 9 5 0 3 8],SA,att,30,10,10,0.95,10000,44.260924339294434,5000,-1,50,0.05,0.1
2,600,32.22657079293786,1.2265707929378635,[7 3 2 1 9 9 5 0 3 8],SA,att,30,10,10,0.95,10000,44.092448472976685,5000,-1,50,0.05,0.1
2,615,32.22657079293786,1.2265707929378635,[7 3 2 1 9 9 5 0 3 8],SA,att,30,10,10,0.95,10000,44.20966601371765,5000,-1,50,0.05,0.1
2,630,32.22657079293786,1.2265707929378635,[7 3 2 1 9 9 5 0 3 8],SA,att,30,10,10,0.95,10000,44.20994544029236,5000,-1,50,0.05,0.1
2,645,32.22657079293786,1.2265707929378635,[7 3 2 1 9 9 5 0 3 8],SA,att,30,10,10,0.95,10000,44.10447430610657,5000,-1,50,0.05,0.1
2,660,32.22657079293786,1.2265707929378635,[7 3 2 1 9 9 5 0 3 8],SA,att,30,10,10,0.95,10000,44.15778350830078,5000,-1,50,0.05,0.1
2,675,32.22657079293786,1.2265707929378635,[7 3 2 1 9 9 5 0 3 8],SA,att,30,10,10,0.95,10000,44.02338218688965,5000,-1,50,0.05,0.1
2,690,32.22657079293786,1.2265707929378635,[7 3 2 1 9 9 5 0 3 8],SA,att,30,10,10,0.95,10000,44.015841007232666,5000,-1,50,0.05,0.1
2,705,32.22657079293786,1.2265707929378635,[7 3 2 1 9 9 5 0 3 8],SA,att,30,10,10,0.95,10000,44.11241006851196,5000,-1,50,0.05,0.1
2,720,32.22657079293786,1.2265707929378635,[7 3 2 1 9 9 5 0 3 8],SA,att,30,10,10,0.95,10000,43.9879207611084,5000,-1,50,0.05,0.1
2,735,32.22657079293786,1.2265707929378635,[7 3 2 1 9 9 5 0 3 8],SA,att,30,10,10,0.95,10000,43.99189615249634,5000,-1,50,0.05,0.1
2,750,32.22657079293786,1.2265707929378635,[7 3 2 1 9 9 5 0 3 8],SA,att,30,10,10,0.95,10000,44.17136311531067,5000,-1,50,0.05,0.1
2,765,32.22657079293786,1.2265707929378635,[7 3 2 1 9 9 5 0 3 8],SA,att,30,10,10,0.95,10000,44.02975535392761,5000,-1,50,0.05,0.1
2,780,32.22657079293786,1.2265707929378635,[7 3 2 1 9 9 5 0 3 8],SA,att,30,10,10,0.95,10000,44.04292678833008,5000,-1,50,0.05,0.1
2,795,32.22657079293786,1.2265707929378635,[7 3 2 1 9 9 5 0 3 8],SA,att,30,10,10,0.95,10000,43.98436188697815,5000,-1,50,0.05,0.1
2,810,32.22657079293786,1.2265707929378635,[7 3 2 1 9 9 5 0 3 8],SA,att,30,10,10,0.95,10000,44.00723385810852,5000,-1,50,0.05,0.1
2,825,32.22657079293786,1.2265707929378635,[7 3 2 1 9 9 5 0 3 8],SA,att,30,10,10,0.95,10000,44.13560461997986,5000,-1,50,0.05,0.1
2,840,32.22657079293786,1.2265707929378635,[7 3 2 1 9 9 5 0 3 8],SA,att,30,10,10,0.95,10000,44.010974407196045,5000,-1,50,0.05,0.1
2,855,32.22657079293786,1.2265707929378635,[7 3 2 1 9 9 5 0 3 8],SA,att,30,10,10,0.95,10000,44.128060817718506,5000,-1,50,0.05,0.1
2,870,32.22657079293786,1.2265707929378635,[7 3 2 1 9 9 5 0 3 8],SA,att,30,10,10,0.95,10000,44.13113331794739,5000,-1,50,0.05,0.1
2,885,32.22657079293786,1.2265707929378635,[7 3 2 1 9 9 5 0 3 8],SA,att,30,10,10,0.95,10000,44.12284874916077,5000,-1,50,0.05,0.1
2,900,32.22657079293786,1.2265707929378635,[7 3 2 1 9 9 5 0 3 8],SA,att,30,10,10,0.95,10000,44.223864793777466,5000,-1,50,0.05,0.1
2,915,32.22657079293786,1.2265707929378635,[7 3 2 1 9 9 5 0 3 8],SA,att,30,10,10,0.95,10000,44.20267033576965,5000,-1,50,0.05,0.1
2,930,32.22657079293786,1.2265707929378635,[7 3 2 1 9 9 5 0 3 8],SA,att,30,10,10,0.95,10000,44.330984115600586,5000,-1,50,0.05,0.1
2,945,32.22657079293786,1.2265707929378635,[7 3 2 1 9 9 5 0 3 8],SA,att,30,10,10,0.95,10000,44.17251992225647,5000,-1,50,0.05,0.1
2,960,32.22657079293786,1.2265707929378635,[7 3 2 1 9 9 5 0 3 8],SA,att,30,10,10,0.95,10000,44.1543550491333,5000,-1,50,0.05,0.1
2,975,32.22657079293786,1.2265707929378635,[7 3 2 1 9 9 5 0 3 8],SA,att,30,10,10,0.95,10000,44.15008568763733,5000,-1,50,0.05,0.1
2,990,32.22657079293786,1.2265707929378635,[7 3 2 1 9 9 5 0 3 8],SA,att,30,10,10,0.95,10000,44.17330598831177,5000,-1,50,0.05,0.1
2,1005,32.22657079293786,1.2265707929378635,[7 3 2 1 9 9 5 0 3 8],SA,att,30,10,10,0.95,10000,44.16319298744202,5000,-1,50,0.05,0.1
2,1020,32.22657079293786,1.2265707929378635,[7 3 2 1 9 9 5 0 3 8],SA,att,30,10,10,0.95,10000,44.225637674331665,5000,-1,50,0.05,0.1
2,1035,32.22657079293786,1.2265707929378635,[7 3 2 1 9 9 5 0 3 8],SA,att,30,10,10,0.95,10000,44.101216077804565,5000,-1,50,0.05,0.1
2,1050,32.22657079293786,1.2265707929378635,[7 3 2 1 9 9 5 0 3 8],SA,att,30,10,10,0.95,10000,44.227166175842285,5000,-1,50,0.05,0.1
2,1065,32.22657079293786,1.2265707929378635,[7 3 2 1 9 9 5 0 3 8],SA,att,30,10,10,0.95,10000,44.158873558044434,5000,-1,50,0.05,0.1
2,1080,32.22657079293786,1.2265707929378635,[7 3 2 1 9 9 5 0 3 8],SA,att,30,10,10,0.95,10000,44.11709976196289,5000,-1,50,0.05,0.1
2,1095,32.22657079293786,1.2265707929378635,[7 3 2 1 9 9 5 0 3 8],SA,att,30,10,10,0.95,10000,44.121875047683716,5000,-1,50,0.05,0.1
2,1110,32.22657079293786,1.2265707929378635,[7 3 2 1 9 9 5 0 3 8],SA,att,30,10,10,0.95,10000,44.01396727561951,5000,-1,50,0.05,0.1
2,1125,32.22657079293786,1.2265707929378635,[7 3 2 1 9 9 5 0 3 8],SA,att,30,10,10,0.95,10000,44.083805561065674,5000,-1,50,0.05,0.1
2,1140,32.22657079293786,1.2265707929378635,[7 3 2 1 9 9 5 0 3 8],SA,att,30,10,10,0.95,10000,44.001638412475586,5000,-1,50,0.05,0.1
2,1155,32.22657079293786,1.2265707929378635,[7 3 2 1 9 9 5 0 3 8],SA,att,30,10,10,0.95,10000,44.0527777671814,5000,-1,50,0.05,0.1
2,1170,32.22657079293786,1.2265707929378635,[7 3 2 1 9 9 5 0 3 8],SA,att,30,10,10,0.95,10000,44.19026970863342,5000,-1,50,0.05,0.1
2,1185,32.22657079293786,1.2265707929378635,[7 3 2 1 9 9 5 0 3 8],SA,att,30,10,10,0.95,10000,44.17113947868347,5000,-1,50,0.05,0.1
2,1200,32.22657079293786,1.2265707929378635,[7 3 2 1 9 9 5 0 3 8],SA,att,30,10,10,0.95,10000,44.16655206680298,5000,-1,50,0.05,0.1
3,15,22.172921251316215,-8.827078748683785,[3 7 9 9 2 0 9 3 5 4],SA,att,30,10,10,0.95,10000,48.395116567611694,5000,-1,50,0.05,0.1
3,30,22.172921251316215,-8.827078748683785,[3 7 9 9 2 0 9 3 5 4],SA,att,30,10,10,0.95,10000,48.524877071380615,5000,-1,50,0.05,0.1
3,45,26.500658873152222,-4.499341126847778,[1 1 6 1 9 2 5 7 3 4],SA,att,30,10,10,0.95,10000,48.40123724937439,5000,-1,50,0.05,0.1
3,60,28.172477874716808,-2.827522125283192,[7 1 1 7 9 4 5 0 3 6],SA,att,30,10,10,0.95,10000,48.456690549850464,5000,-1,50,0.05,0.1
3,75,28.172477874716808,-2.827522125283192,[7 1 1 7 9 4 5 0 3 6],SA,att,30,10,10,0.95,10000,48.49771595001221,5000,-1,50,0.05,0.1
3,90,28.172477874716808,-2.827522125283192,[7 1 1 7 9 4 5 0 3 6],SA,att,30,10,10,0.95,10000,48.42770290374756,5000,-1,50,0.05,0.1
3,105,29.528600986820773,-1.4713990131792265,[7 3 5 1 9 7 5 0 3 2],SA,att,30,10,10,0.95,10000,48.55937099456787,5000,-1,50,0.05,0.1
3,120,30.119198264311247,-0.8808017356887525,[7 3 0 1 9 2 5 0 3 8],SA,att,30,10,10,0.95,10000,48.54102540016174,5000,-1,50,0.05,0.1
3,135,31.21670499047109,0.21670499047109004,[7 3 5 1 9 9 5 0 3 6],SA,att,30,10,10,0.95,10000,48.54409646987915,5000,-1,50,0.05,0.1
3,150,31.21670499047109,0.21670499047109004,[7 3 5 1 9 9 5 0 3 6],SA,att,30,10,10,0.95,10000,48.52128076553345,5000,-1,50,0.05,0.1
3,165,31.961058175824704,0.9610581758247037,[7 3 2 1 9 9 5 0 3 1],SA,att,30,10,10,0.95,10000,48.43542289733887,5000,-1,50,0.05,0.1
3,180,31.961058175824704,0.9610581758247037,[7 3 2 1 9 9 5 0 3 8],SA,att,30,10,10,0.95,10000,48.37616443634033,5000,-1,50,0.05,0.1
3,195,31.97367951400466,0.9736795140046617,[7 3 2 1 9 9 5 0 3 1],SA,att,30,10,10,0.95,10000,48.374064922332764,5000,-1,50,0.05,0.1
3,210,32.21590612453513,1.215906124535131,[7 3 2 1 9 9 5 0 3 6],SA,att,30,10,10,0.95,10000,48.504485845565796,5000,-1,50,0.05,0.1
3,225,32.21590612453513,1.215906124535131,[7 3 2 1 9 9 5 0 3 8],SA,att,30,10,10,0.95,10000,48.61673069000244,5000,-1,50,0.05,0.1
3,240,32.21590612453513,1.215906124535131,[7 3 2 1 9 9 5 0 3 8],SA,att,30,10,10,0.95,10000,48.756879806518555,5000,-1,50,0.05,0.1
3,255,32.21590612453513,1.215906124535131,[7 3 2 1 9 9 5 0 3 8],SA,att,30,10,10,0.95,10000,48.63838171958923,5000,-1,50,0.05,0.1
3,270,32.21590612453513,1.215906124535131,[7 3 2 1 9 9 5 0 3 8],SA,att,30,10,10,0.95,10000,48.57979774475098,5000,-1,50,0.05,0.1
3,285,32.21590612453513,1.215906124535131,[7 3 2 1 9 9 5 0 3 8],SA,att,30,10,10,0.95,10000,48.5769579410553,5000,-1,50,0.05,0.1
3,300,32.21590612453513,1.215906124535131,[7 3 2 1 9 9 5 0 3 8],SA,att,30,10,10,0.95,10000,48.72058033943176,5000,-1,50,0.05,0.1
3,315,32.21997741370181,1.2199774137018125,[7 3 2 1 9 9 5 0 3 6],SA,att,30,10,10,0.95,10000,48.47251510620117,5000,-1,50,0.05,0.1
3,330,32.22001447384459,1.2200144738445928,[7 3 2 1 9 9 5 0 3 6],SA,att,30,10,10,0.95,10000,48.49591612815857,5000,-1,50,0.05,0.1
3,345,32.22001447384459,1.2200144738445928,[7 3 2 1 9 9 5 0 3 6],SA,att,30,10,10,0.95,10000,48.57052803039551,5000,-1,50,0.05,0.1
3,360,32.22001447384459,1.2200144738445928,[7 3 2 1 9 9 5 0 3 6],SA,att,30,10,10,0.95,10000,48.42449975013733,5000,-1,50,0.05,0.1
3,375,32.22001447384459,1.2200144738445928,[7 3 2 1 9 9 5 0 3 6],SA,att,30,10,10,0.95,10000,48.59790110588074,5000,-1,50,0.05,0.1
3,390,32.22001447384459,1.2200144738445928,[7 3 2 1 9 9 5 0 3 6],SA,att,30,10,10,0.95,10000,48.39403796195984,5000,-1,50,0.05,0.1
3,405,32.22001447384459,1.2200144738445928,[7 3 2 1 9 9 5 0 3 6],SA,att,30,10,10,0.95,10000,48.546361207962036,5000,-1,50,0.05,0.1
3,420,32.22001447384459,1.2200144738445928,[7 3 2 1 9 9 5 0 3 6],SA,att,30,10,10,0.95,10000,48.490954875946045,5000,-1,50,0.05,0.1
3,435,32.22001447384459,1.2200144738445928,[7 3 2 1 9 9 5 0 3 6],SA,att,30,10,10,0.95,10000,48.318840980529785,5000,-1,50,0.05,0.1
3,450,32.22001447384459,1.2200144738445928,[7 3 2 1 9 9 5 0 3 6],SA,att,30,10,10,0.95,10000,48.45370054244995,5000,-1,50,0.05,0.1
3,465,32.22001447384459,1.2200144738445928,[7 3 2 1 9 9 5 0 3 6],SA,att,30,10,10,0.95,10000,48.41497731208801,5000,-1,50,0.05,0.1
3,480,32.22001447384459,1.2200144738445928,[7 3 2 1 9 9 5 0 3 6],SA,att,30,10,10,0.95,10000,48.57611322402954,5000,-1,50,0.05,0.1
3,495,32.22001447384459,1.2200144738445928,[7 3 2 1 9 9 5 0 3 6],SA,att,30,10,10,0.95,10000,48.376585960388184,5000,-1,50,0.05,0.1
3,510,32.22001447384459,1.2200144738445928,[7 3 2 1 9 9 5 0 3 6],SA,att,30,10,10,0.95,10000,48.363200426101685,5000,-1,50,0.05,0.1
3,525,32.22001447384459,1.2200144738445928,[7 3 2 1 9 9 5 0 3 6],SA,att,30,10,10,0.95,10000,48.37609314918518,5000,-1,50,0.05,0.1
3,540,32.22001447384459,1.2200144738445928,[7 3 2 1 9 9 5 0 3 6],SA,att,30,10,10,0.95,10000,48.33748149871826,5000,-1,50,0.05,0.1
3,555,32.22001447384459,1.2200144738445928,[7 3 2 1 9 9 5 0 3 6],SA,att,30,10,10,0.95,10000,48.4691801071167,5000,-1,50,0.05,0.1
3,570,32.22001447384459,1.2200144738445928,[7 3 2 1 9 9 5 0 3 6],SA,att,30,10,10,0.95,10000,48.34409976005554,5000,-1,50,0.05,0.1
3,585,32.22001447384459,1.2200144738445928,[7 3 2 1 9 9 5 0 3 6],SA,att,30,10,10,0.95,10000,48.401185750961304,5000,-1,50,0.05,0.1
3,600,32.22001447384459,1.2200144738445928,[7 3 2 1 9 9 5 0 3 6],SA,att,30,10,10,0.95,10000,48.3760244846344,5000,-1,50,0.05,0.1
3,615,32.22001447384459,1.2200144738445928,[7 3 2 1 9 9 5 0 3 6],SA,att,30,10,10,0.95,10000,48.19171333312988,5000,-1,50,0.05,0.1
3,630,32.22001447384459,1.2200144738445928,[7 3 2 1 9 9 5 0 3 6],SA,att,30,10,10,0.95,10000,48.3291449546814,5000,-1,50,0.05,0.1
3,645,32.22001447384459,1.2200144738445928,[7 3 2 1 9 9 5 0 3 6],SA,att,30,10,10,0.95,10000,48.29442834854126,5000,-1,50,0.05,0.1
3,660,32.22001447384459,1.2200144738445928,[7 3 2 1 9 9 5 0 3 6],SA,att,30,10,10,0.95,10000,48.297914028167725,5000,-1,50,0.05,0.1
3,675,32.22001447384459,1.2200144738445928,[7 3 2 1 9 9 5 0 3 6],SA,att,30,10,10,0.95,10000,48.39544892311096,5000,-1,50,0.05,0.1
3,690,32.22001447384459,1.2200144738445928,[7 3 2 1 9 9 5 0 3 6],SA,att,30,10,10,0.95,10000,48.27294373512268,5000,-1,50,0.05,0.1
3,705,32.22001447384459,1.2200144738445928,[7 3 2 1 9 9 5 0 3 6],SA,att,30,10,10,0.95,10000,48.418553829193115,5000,-1,50,0.05,0.1
3,720,32.22001447384459,1.2200144738445928,[7 3 2 1 9 9 5 0 3 6],SA,att,30,10,10,0.95,10000,48.33863091468811,5000,-1,50,0.05,0.1
3,735,32.22001447384459,1.2200144738445928,[7 3 2 1 9 9 5 0 3 6],SA,att,30,10,10,0.95,10000,48.42167115211487,5000,-1,50,0.05,0.1
3,750,32.22001447384459,1.2200144738445928,[7 3 2 1 9 9 5 0 3 6],SA,att,30,10,10,0.95,10000,48.33713912963867,5000,-1,50,0.05,0.1
3,765,32.22001447384459,1.2200144738445928,[7 3 2 1 9 9 5 0 3 6],SA,att,30,10,10,0.95,10000,48.31537628173828,5000,-1,50,0.05,0.1
3,780,32.22001447384459,1.2200144738445928,[7 3 2 1 9 9 5 0 3 6],SA,att,30,10,10,0.95,10000,48.55229139328003,5000,-1,50,0.05,0.1
3,795,32.22001447384459,1.2200144738445928,[7 3 2 1 9 9 5 0 3 6],SA,att,30,10,10,0.95,10000,48.31335783004761,5000,-1,50,0.05,0.1
3,810,32.22001447384459,1.2200144738445928,[7 3 2 1 9 9 5 0 3 6],SA,att,30,10,10,0.95,10000,48.4600567817688,5000,-1,50,0.05,0.1
3,825,32.22001447384459,1.2200144738445928,[7 3 2 1 9 9 5 0 3 6],SA,att,30,10,10,0.95,10000,48.33917474746704,5000,-1,50,0.05,0.1
3,840,32.22001447384459,1.2200144738445928,[7 3 2 1 9 9 5 0 3 6],SA,att,30,10,10,0.95,10000,48.28147840499878,5000,-1,50,0.05,0.1
3,855,32.22001447384459,1.2200144738445928,[7 3 2 1 9 9 5 0 3 6],SA,att,30,10,10,0.95,10000,48.29723525047302,5000,-1,50,0.05,0.1
3,870,32.22001447384459,1.2200144738445928,[7 3 2 1 9 9 5 0 3 6],SA,att,30,10,10,0.95,10000,48.37024164199829,5000,-1,50,0.05,0.1
3,885,32.22001447384459,1.2200144738445928,[7 3 2 1 9 9 5 0 3 6],SA,att,30,10,10,0.95,10000,48.50654315948486,5000,-1,50,0.05,0.1
3,900,32.22001447384459,1.2200144738445928,[7 3 2 1 9 9 5 0 3 6],SA,att,30,10,10,0.95,10000,48.55707359313965,5000,-1,50,0.05,0.1
3,915,32.22001447384459,1.2200144738445928,[7 3 2 1 9 9 5 0 3 6],SA,att,30,10,10,0.95,10000,48.50130915641785,5000,-1,50,0.05,0.1
3,930,32.22001447384459,1.2200144738445928,[7 3 2 1 9 9 5 0 3 6],SA,att,30,10,10,0.95,10000,48.45527243614197,5000,-1,50,0.05,0.1
3,945,32.22001447384459,1.2200144738445928,[7 3 2 1 9 9 5 0 3 6],SA,att,30,10,10,0.95,10000,48.43328547477722,5000,-1,50,0.05,0.1
3,960,32.22001447384459,1.2200144738445928,[7 3 2 1 9 9 5 0 3 6],SA,att,30,10,10,0.95,10000,48.34773802757263,5000,-1,50,0.05,0.1
3,975,32.22001447384459,1.2200144738445928,[7 3 2 1 9 9 5 0 3 6],SA,att,30,10,10,0.95,10000,48.378474712371826,5000,-1,50,0.05,0.1
3,990,32.22001447384459,1.2200144738445928,[7 3 2 1 9 9 5 0 3 6],SA,att,30,10,10,0.95,10000,48.364904165267944,5000,-1,50,0.05,0.1
3,1005,32.22001447384459,1.2200144738445928,[7 3 2 1 9 9 5 0 3 6],SA,att,30,10,10,0.95,10000,48.322508096694946,5000,-1,50,0.05,0.1
3,1020,32.22001447384459,1.2200144738445928,[7 3 2 1 9 9 5 0 3 6],SA,att,30,10,10,0.95,10000,48.41285157203674,5000,-1,50,0.05,0.1
3,1035,32.22001447384459,1.2200144738445928,[7 3 2 1 9 9 5 0 3 6],SA,att,30,10,10,0.95,10000,48.498071908950806,5000,-1,50,0.05,0.1
3,1050,32.22001447384459,1.2200144738445928,[7 3 2 1 9 9 5 0 3 6],SA,att,30,10,10,0.95,10000,48.41706109046936,5000,-1,50,0.05,0.1
3,1065,32.22001447384459,1.2200144738445928,[7 3 2 1 9 9 5 0 3 6],SA,att,30,10,10,0.95,10000,48.22224450111389,5000,-1,50,0.05,0.1
3,1080,32.22001447384459,1.2200144738445928,[7 3 2 1 9 9 5 0 3 6],SA,att,30,10,10,0.95,10000,48.30528235435486,5000,-1,50,0.05,0.1
3,1095,32.22001447384459,1.2200144738445928,[7 3 2 1 9 9 5 0 3 6],SA,att,30,10,10,0.95,10000,48.48008871078491,5000,-1,50,0.05,0.1
3,1110,32.22001447384459,1.2200144738445928,[7 3 2 1 9 9 5 0 3 6],SA,att,30,10,10,0.95,10000,48.296483516693115,5000,-1,50,0.05,0.1
3,1125,32.22001447384459,1.2200144738445928,[7 3 2 1 9 9 5 0 3 6],SA,att,30,10,10,0.95,10000,48.373536586761475,5000,-1,50,0.05,0.1
3,1140,32.22001447384459,1.2200144738445928,[7 3 2 1 9 9 5 0 3 6],SA,att,30,10,10,0.95,10000,48.26138091087341,5000,-1,50,0.05,0.1
3,1155,32.22001447384459,1.2200144738445928,[7 3 2 1 9 9 5 0 3 6],SA,att,30,10,10,0.95,10000,48.33547878265381,5000,-1,50,0.05,0.1
3,1170,32.22001447384459,1.2200144738445928,[7 3 2 1 9 9 5 0 3 6],SA,att,30,10,10,0.95,10000,48.292564392089844,5000,-1,50,0.05,0.1
3,1185,32.22001447384459,1.2200144738445928,[7 3 2 1 9 9 5 0 3 6],SA,att,30,10,10,0.95,10000,48.3505642414093,5000,-1,50,0.05,0.1
3,1200,32.22001447384459,1.2200144738445928,[7 3 2 1 9 9 5 0 3 6],SA,att,30,10,10,0.95,10000,48.02388119697571,5000,-1,50,0.05,0.1
4,15,23.10712853312614,-7.89287146687386,[9 9 0 0 4 5 5 0 6 2],SA,att,30,10,10,0.95,10000,43.83829212188721,5000,-1,50,0.05,0.1
4,30,27.005028748982504,-3.994971251017496,[7 9 2 1 3 9 5 2 0 2],SA,att,30,10,10,0.95,10000,43.683614015579224,5000,-1,50,0.05,0.1
4,45,27.005028748982504,-3.994971251017496,[7 9 2 1 8 9 5 0 5 1],SA,att,30,10,10,0.95,10000,43.69187951087952,5000,-1,50,0.05,0.1
4,60,27.005028748982504,-3.994971251017496,[7 9 2 1 8 9 5 0 5 1],SA,att,30,10,10,0.95,10000,43.64755845069885,5000,-1,50,0.05,0.1
4,75,28.150660784720234,-2.849339215279766,[7 8 4 1 7 8 5 0 3 8],SA,att,30,10,10,0.95,10000,43.74561595916748,5000,-1,50,0.05,0.1
4,90,29.182531881795278,-1.8174681182047223,[7 3 9 1 2 5 5 0 3 6],SA,att,30,10,10,0.95,10000,43.417558908462524,5000,-1,50,0.05,0.1
4,105,29.182531881795278,-1.8174681182047223,[7 3 9 1 2 5 5 0 3 6],SA,att,30,10,10,0.95,10000,46.870232820510864,5000,-1,50,0.05,0.1
4,120,29.182531881795278,-1.8174681182047223,[7 3 9 1 2 5 5 0 3 6],SA,att,30,10,10,0.95,10000,47.79342079162598,5000,-1,50,0.05,0.1
4,135,29.55716693812139,-1.4428330618786092,[7 3 2 2 6 9 5 8 3 8],SA,att,30,10,10,0.95,10000,47.891905546188354,5000,-1,50,0.05,0.1
4,150,31.210682099802977,0.2106820998029768,[7 3 2 1 6 9 5 0 3 6],SA,att,30,10,10,0.95,10000,47.81136178970337,5000,-1,50,0.05,0.1
4,165,32.20873008547514,1.208730085475139,[7 3 2 1 9 9 5 0 3 6],SA,att,30,10,10,0.95,10000,47.633790016174316,5000,-1,50,0.05,0.1
4,180,32.2187848735831,1.2187848735830968,[7 3 2 1 9 9 5 0 3 6],SA,att,30,10,10,0.95,10000,47.7624831199646,5000,-1,50,0.05,0.1
4,195,32.2187848735831,1.2187848735830968,[7 3 2 1 9 9 5 0 3 8],SA,att,30,10,10,0.95,10000,47.70638060569763,5000,-1,50,0.05,0.1
4,210,32.2187848735831,1.2187848735830968,[7 3 2 1 9 9 5 0 3 8],SA,att,30,10,10,0.95,10000,47.7231924533844,5000,-1,50,0.05,0.1
4,225,32.2187848735831,1.2187848735830968,[7 3 2 1 9 9 5 0 3 8],SA,att,30,10,10,0.95,10000,47.860271692276,5000,-1,50,0.05,0.1
4,240,32.2187848735831,1.2187848735830968,[7 3 2 1 9 9 5 0 3 8],SA,att,30,10,10,0.95,10000,47.790529012680054,5000,-1,50,0.05,0.1
4,255,32.2187848735831,1.2187848735830968,[7 3 2 1 9 9 5 0 3 8],SA,att,30,10,10,0.95,10000,80.26701545715332,5000,-1,50,0.05,0.1
4,270,32.2187848735831,1.2187848735830968,[7 3 2 1 9 9 5 0 3 8],SA,att,30,10,10,0.95,10000,80.43019223213196,5000,-1,50,0.05,0.1
4,285,32.2187848735831,1.2187848735830968,[7 3 2 1 9 9 5 0 3 8],SA,att,30,10,10,0.95,10000,80.47843933105469,5000,-1,50,0.05,0.1
4,300,32.2187848735831,1.2187848735830968,[7 3 2 1 9 9 5 0 3 8],SA,att,30,10,10,0.95,10000,80.93558764457703,5000,-1,50,0.05,0.1
4,315,32.2187848735831,1.2187848735830968,[7 3 2 1 9 9 5 0 3 8],SA,att,30,10,10,0.95,10000,80.64931344985962,5000,-1,50,0.05,0.1
4,330,32.2187848735831,1.2187848735830968,[7 3 2 1 9 9 5 0 3 8],SA,att,30,10,10,0.95,10000,80.03736162185669,5000,-1,50,0.05,0.1
4,345,32.2187848735831,1.2187848735830968,[7 3 2 1 9 9 5 0 3 8],SA,att,30,10,10,0.95,10000,79.22541666030884,5000,-1,50,0.05,0.1
4,360,32.2187848735831,1.2187848735830968,[7 3 2 1 9 9 5 0 3 8],SA,att,30,10,10,0.95,10000,47.817832708358765,5000,-1,50,0.05,0.1
4,375,32.2187848735831,1.2187848735830968,[7 3 2 1 9 9 5 0 3 8],SA,att,30,10,10,0.95,10000,47.74763298034668,5000,-1,50,0.05,0.1
4,390,32.2187848735831,1.2187848735830968,[7 3 2 1 9 9 5 0 3 8],SA,att,30,10,10,0.95,10000,47.840293884277344,5000,-1,50,0.05,0.1
4,405,32.2187848735831,1.2187848735830968,[7 3 2 1 9 9 5 0 3 8],SA,att,30,10,10,0.95,10000,47.88493061065674,5000,-1,50,0.05,0.1
4,420,32.2187848735831,1.2187848735830968,[7 3 2 1 9 9 5 0 3 8],SA,att,30,10,10,0.95,10000,47.80833649635315,5000,-1,50,0.05,0.1
4,435,32.2187848735831,1.2187848735830968,[7 3 2 1 9 9 5 0 3 8],SA,att,30,10,10,0.95,10000,47.81734871864319,5000,-1,50,0.05,0.1
4,450,32.2187848735831,1.2187848735830968,[7 3 2 1 9 9 5 0 3 8],SA,att,30,10,10,0.95,10000,47.776867628097534,5000,-1,50,0.05,0.1
4,465,32.2187848735831,1.2187848735830968,[7 3 2 1 9 9 5 0 3 8],SA,att,30,10,10,0.95,10000,47.82428741455078,5000,-1,50,0.05,0.1
4,480,32.2187848735831,1.2187848735830968,[7 3 2 1 9 9 5 0 3 8],SA,att,30,10,10,0.95,10000,47.7845995426178,5000,-1,50,0.05,0.1
4,495,32.2187848735831,1.2187848735830968,[7 3 2 1 9 9 5 0 3 8],SA,att,30,10,10,0.95,10000,47.91796684265137,5000,-1,50,0.05,0.1
4,510,32.2187848735831,1.2187848735830968,[7 3 2 1 9 9 5 0 3 8],SA,att,30,10,10,0.95,10000,47.764076948165894,5000,-1,50,0.05,0.1
4,525,32.2187848735831,1.2187848735830968,[7 3 2 1 9 9 5 0 3 8],SA,att,30,10,10,0.95,10000,47.888232469558716,5000,-1,50,0.05,0.1
4,540,32.2187848735831,1.2187848735830968,[7 3 2 1 9 9 5 0 3 8],SA,att,30,10,10,0.95,10000,47.801135778427124,5000,-1,50,0.05,0.1
4,555,32.2187848735831,1.2187848735830968,[7 3 2 1 9 9 5 0 3 8],SA,att,30,10,10,0.95,10000,47.82561135292053,5000,-1,50,0.05,0.1
4,570,32.2187848735831,1.2187848735830968,[7 3 2 1 9 9 5 0 3 8],SA,att,30,10,10,0.95,10000,47.854663610458374,5000,-1,50,0.05,0.1
4,585,32.2187848735831,1.2187848735830968,[7 3 2 1 9 9 5 0 3 8],SA,att,30,10,10,0.95,10000,47.85098433494568,5000,-1,50,0.05,0.1
4,600,32.2187848735831,1.2187848735830968,[7 3 2 1 9 9 5 0 3 8],SA,att,30,10,10,0.95,10000,47.78274750709534,5000,-1,50,0.05,0.1
4,615,32.2187848735831,1.2187848735830968,[7 3 2 1 9 9 5 0 3 8],SA,att,30,10,10,0.95,10000,47.81965494155884,5000,-1,50,0.05,0.1
4,630,32.2187848735831,1.2187848735830968,[7 3 2 1 9 9 5 0 3 8],SA,att,30,10,10,0.95,10000,47.8188579082489,5000,-1,50,0.05,0.1
4,645,32.2187848735831,1.2187848735830968,[7 3 2 1 9 9 5 0 3 8],SA,att,30,10,10,0.95,10000,47.890841484069824,5000,-1,50,0.05,0.1
4,660,32.2187848735831,1.2187848735830968,[7 3 2 1 9 9 5 0 3 8],SA,att,30,10,10,0.95,10000,47.796701431274414,5000,-1,50,0.05,0.1
4,675,32.2187848735831,1.2187848735830968,[7 3 2 1 9 9 5 0 3 8],SA,att,30,10,10,0.95,10000,47.72179388999939,5000,-1,50,0.05,0.1
4,690,32.2187848735831,1.2187848735830968,[7 3 2 1 9 9 5 0 3 8],SA,att,30,10,10,0.95,10000,47.79709076881409,5000,-1,50,0.05,0.1
4,705,32.2187848735831,1.2187848735830968,[7 3 2 1 9 9 5 0 3 8],SA,att,30,10,10,0.95,10000,47.86575794219971,5000,-1,50,0.05,0.1
4,720,32.2187848735831,1.2187848735830968,[7 3 2 1 9 9 5 0 3 8],SA,att,30,10,10,0.95,10000,47.750404596328735,5000,-1,50,0.05,0.1
4,735,32.2187848735831,1.2187848735830968,[7 3 2 1 9 9 5 0 3 8],SA,att,30,10,10,0.95,10000,47.76978826522827,5000,-1,50,0.05,0.1
4,750,32.2187848735831,1.2187848735830968,[7 3 2 1 9 9 5 0 3 8],SA,att,30,10,10,0.95,10000,47.88769555091858,5000,-1,50,0.05,0.1
4,765,32.2187848735831,1.2187848735830968,[7 3 2 1 9 9 5 0 3 8],SA,att,30,10,10,0.95,10000,47.882434368133545,5000,-1,50,0.05,0.1
4,780,32.2187848735831,1.2187848735830968,[7 3 2 1 9 9 5 0 3 8],SA,att,30,10,10,0.95,10000,47.78322911262512,5000,-1,50,0.05,0.1
4,795,32.2187848735831,1.2187848735830968,[7 3 2 1 9 9 5 0 3 8],SA,att,30,10,10,0.95,10000,47.724324226379395,5000,-1,50,0.05,0.1
4,810,32.2187848735831,1.2187848735830968,[7 3 2 1 9 9 5 0 3 8],SA,att,30,10,10,0.95,10000,47.77503252029419,5000,-1,50,0.05,0.1
4,825,32.2187848735831,1.2187848735830968,[7 3 2 1 9 9 5 0 3 8],SA,att,30,10,10,0.95,10000,47.89909625053406,5000,-1,50,0.05,0.1
4,840,32.2187848735831,1.2187848735830968,[7 3 2 1 9 9 5 0 3 8],SA,att,30,10,10,0.95,10000,47.880863904953,5000,-1,50,0.05,0.1
4,855,32.2187848735831,1.2187848735830968,[7 3 2 1 9 9 5 0 3 8],SA,att,30,10,10,0.95,10000,47.808125019073486,5000,-1,50,0.05,0.1
4,870,32.2187848735831,1.2187848735830968,[7 3 2 1 9 9 5 0 3 8],SA,att,30,10,10,0.95,10000,47.84269309043884,5000,-1,50,0.05,0.1
4,885,32.2187848735831,1.2187848735830968,[7 3 2 1 9 9 5 0 3 8],SA,att,30,10,10,0.95,10000,47.68976426124573,5000,-1,50,0.05,0.1
4,900,32.2187848735831,1.2187848735830968,[7 3 2 1 9 9 5 0 3 8],SA,att,30,10,10,0.95,10000,47.962244749069214,5000,-1,50,0.05,0.1
4,915,32.2187848735831,1.2187848735830968,[7 3 2 1 9 9 5 0 3 8],SA,att,30,10,10,0.95,10000,47.94967031478882,5000,-1,50,0.05,0.1
4,930,32.2187848735831,1.2187848735830968,[7 3 2 1 9 9 5 0 3 8],SA,att,30,10,10,0.95,10000,48.15215015411377,5000,-1,50,0.05,0.1
4,945,32.2187848735831,1.2187848735830968,[7 3 2 1 9 9 5 0 3 8],SA,att,30,10,10,0.95,10000,48.03497290611267,5000,-1,50,0.05,0.1
4,960,32.2187848735831,1.2187848735830968,[7 3 2 1 9 9 5 0 3 8],SA,att,30,10,10,0.95,10000,48.12830829620361,5000,-1,50,0.05,0.1
4,975,32.2187848735831,1.2187848735830968,[7 3 2 1 9 9 5 0 3 8],SA,att,30,10,10,0.95,10000,48.04572868347168,5000,-1,50,0.05,0.1
4,990,32.2187848735831,1.2187848735830968,[7 3 2 1 9 9 5 0 3 8],SA,att,30,10,10,0.95,10000,47.83915424346924,5000,-1,50,0.05,0.1
4,1005,32.2187848735831,1.2187848735830968,[7 3 2 1 9 9 5 0 3 8],SA,att,30,10,10,0.95,10000,47.89633774757385,5000,-1,50,0.05,0.1
4,1020,32.2187848735831,1.2187848735830968,[7 3 2 1 9 9 5 0 3 8],SA,att,30,10,10,0.95,10000,47.834264039993286,5000,-1,50,0.05,0.1
4,1035,32.2187848735831,1.2187848735830968,[7 3 2 1 9 9 5 0 3 8],SA,att,30,10,10,0.95,10000,47.93892431259155,5000,-1,50,0.05,0.1
4,1050,32.2187848735831,1.2187848735830968,[7 3 2 1 9 9 5 0 3 8],SA,att,30,10,10,0.95,10000,47.88343334197998,5000,-1,50,0.05,0.1
4,1065,32.2187848735831,1.2187848735830968,[7 3 2 1 9 9 5 0 3 8],SA,att,30,10,10,0.95,10000,47.64383244514465,5000,-1,50,0.05,0.1
4,1080,32.2187848735831,1.2187848735830968,[7 3 2 1 9 9 5 0 3 8],SA,att,30,10,10,0.95,10000,47.49581551551819,5000,-1,50,0.05,0.1
4,1095,32.2187848735831,1.2187848735830968,[7 3 2 1 9 9 5 0 3 8],SA,att,30,10,10,0.95,10000,47.50974464416504,5000,-1,50,0.05,0.1
4,1110,32.2187848735831,1.2187848735830968,[7 3 2 1 9 9 5 0 3 8],SA,att,30,10,10,0.95,10000,47.46058511734009,5000,-1,50,0.05,0.1
4,1125,32.2187848735831,1.2187848735830968,[7 3 2 1 9 9 5 0 3 8],SA,att,30,10,10,0.95,10000,47.51034736633301,5000,-1,50,0.05,0.1
4,1140,32.2187848735831,1.2187848735830968,[7 3 2 1 9 9 5 0 3 8],SA,att,30,10,10,0.95,10000,47.551839113235474,5000,-1,50,0.05,0.1
4,1155,32.2187848735831,1.2187848735830968,[7 3 2 1 9 9 5 0 3 8],SA,att,30,10,10,0.95,10000,47.577067375183105,5000,-1,50,0.05,0.1
4,1170,32.2187848735831,1.2187848735830968,[7 3 2 1 9 9 5 0 3 8],SA,att,30,10,10,0.95,10000,43.88036036491394,5000,-1,50,0.05,0.1
4,1185,32.2187848735831,1.2187848735830968,[7 3 2 1 9 9 5 0 3 8],SA,att,30,10,10,0.95,10000,43.598190784454346,5000,-1,50,0.05,0.1
4,1200,32.2187848735831,1.2187848735830968,[7 3 2 1 9 9 5 0 3 8],SA,att,30,10,10,0.95,10000,43.705854177474976,5000,-1,50,0.05,0.1
5,15,23.007580521539673,-7.992419478460327,[3 0 7 8 5 3 0 0 0 8],SA,att,30,10,10,0.95,10000,48.53584837913513,5000,-1,50,0.05,0.1
5,30,23.007580521539673,-7.992419478460327,[6 5 3 1 4 9 5 7 3 4],SA,att,30,10,10,0.95,10000,48.58112359046936,5000,-1,50,0.05,0.1
5,45,25.546516725968722,-5.453483274031278,[2 3 2 1 3 3 8 5 4 3],SA,att,30,10,10,0.95,10000,48.54225468635559,5000,-1,50,0.05,0.1
5,60,26.585884587186452,-4.414115412813548,[9 1 2 4 5 3 5 8 3 8],SA,att,30,10,10,0.95,10000,48.57168126106262,5000,-1,50,0.05,0.1
5,75,26.585884587186452,-4.414115412813548,[9 1 2 4 5 3 5 8 3 8],SA,att,30,10,10,0.95,10000,48.60295510292053,5000,-1,50,0.05,0.1
5,90,27.032676686671703,-3.967323313328297,[7 9 8 1 9 1 0 2 3 6],SA,att,30,10,10,0.95,10000,61.06232523918152,5000,-1,50,0.05,0.1
5,105,27.032676686671703,-3.967323313328297,[7 0 0 1 3 9 5 0 3 1],SA,att,30,10,10,0.95,10000,48.571436166763306,5000,-1,50,0.05,0.1
5,120,27.032676686671703,-3.967323313328297,[7 3 0 0 9 3 5 0 3 8],SA,att,30,10,10,0.95,10000,48.650516986846924,5000,-1,50,0.05,0.1
5,135,29.22983280159356,-1.7701671984064404,[7 3 9 1 4 9 9 0 3 9],SA,att,30,10,10,0.95,10000,48.52911186218262,5000,-1,50,0.05,0.1
5,150,32.212602631507345,1.2126026315073446,[7 3 2 1 9 9 5 0 3 6],SA,att,30,10,10,0.95,10000,48.53173112869263,5000,-1,50,0.05,0.1
5,165,32.212602631507345,1.2126026315073446,[7 3 2 1 9 9 5 0 3 6],SA,att,30,10,10,0.95,10000,48.47632932662964,5000,-1,50,0.05,0.1
5,180,32.217413282052206,1.2174132820522061,[7 3 2 1 9 9 5 0 3 6],SA,att,30,10,10,0.95,10000,48.43974471092224,5000,-1,50,0.05,0.1
5,195,32.217413282052206,1.2174132820522061,[7 3 2 1 9 9 5 0 3 8],SA,att,30,10,10,0.95,10000,48.37453889846802,5000,-1,50,0.05,0.1
5,210,32.220192278675896,1.2201922786758956,[7 3 2 1 9 9 5 0 3 6],SA,att,30,10,10,0.95,10000,48.46194863319397,5000,-1,50,0.05,0.1
5,225,32.220192278675896,1.2201922786758956,[7 3 2 1 9 9 5 0 3 6],SA,att,30,10,10,0.95,10000,48.59650659561157,5000,-1,50,0.05,0.1
5,240,32.220192278675896,1.2201922786758956,[7 3 2 1 9 9 5 0 3 6],SA,att,30,10,10,0.95,10000,48.56778645515442,5000,-1,50,0.05,0.1
5,255,32.220192278675896,1.2201922786758956,[7 3 2 1 9 9 5 0 3 6],SA,att,30,10,10,0.95,10000,48.68341016769409,5000,-1,50,0.05,0.1
5,270,32.220192278675896,1.2201922786758956,[7 3 2 1 9 9 5 0 3 6],SA,att,30,10,10,0.95,10000,48.63070774078369,5000,-1,50,0.05,0.1
5,285,32.220192278675896,1.2201922786758956,[7 3 2 1 9 9 5 0 3 6],SA,att,30,10,10,0.95,10000,48.64560794830322,5000,-1,50,0.05,0.1
5,300,32.220192278675896,1.2201922786758956,[7 3 2 1 9 9 5 0 3 6],SA,att,30,10,10,0.95,10000,48.662816286087036,5000,-1,50,0.05,0.1
5,315,32.220192278675896,1.2201922786758956,[7 3 2 1 9 9 5 0 3 6],SA,att,30,10,10,0.95,10000,48.73512315750122,5000,-1,50,0.05,0.1
5,330,32.220192278675896,1.2201922786758956,[7 3 2 1 9 9 5 0 3 6],SA,att,30,10,10,0.95,10000,48.63282561302185,5000,-1,50,0.05,0.1
5,345,32.220192278675896,1.2201922786758956,[7 3 2 1 9 9 5 0 3 6],SA,att,30,10,10,0.95,10000,48.54134011268616,5000,-1,50,0.05,0.1
5,360,32.220192278675896,1.2201922786758956,[7 3 2 1 9 9 5 0 3 6],SA,att,30,10,10,0.95,10000,48.552950382232666,5000,-1,50,0.05,0.1
5,375,32.220192278675896,1.2201922786758956,[7 3 2 1 9 9 5 0 3 6],SA,att,30,10,10,0.95,10000,48.463221073150635,5000,-1,50,0.05,0.1
5,390,32.220192278675896,1.2201922786758956,[7 3 2 1 9 9 5 0 3 6],SA,att,30,10,10,0.95,10000,48.60143518447876,5000,-1,50,0.05,0.1
5,405,32.220192278675896,1.2201922786758956,[7 3 2 1 9 9 5 0 3 6],SA,att,30,10,10,0.95,10000,48.51240658760071,5000,-1,50,0.05,0.1
5,420,32.220192278675896,1.2201922786758956,[7 3 2 1 9 9 5 0 3 6],SA,att,30,10,10,0.95,10000,48.515016317367554,5000,-1,50,0.05,0.1
5,435,32.220192278675896,1.2201922786758956,[7 3 2 1 9 9 5 0 3 6],SA,att,30,10,10,0.95,10000,48.397685289382935,5000,-1,50,0.05,0.1
5,450,32.220192278675896,1.2201922786758956,[7 3 2 1 9 9 5 0 3 6],SA,att,30,10,10,0.95,10000,48.422744035720825,5000,-1,50,0.05,0.1
5,465,32.220192278675896,1.2201922786758956,[7 3 2 1 9 9 5 0 3 6],SA,att,30,10,10,0.95,10000,48.44675159454346,5000,-1,50,0.05,0.1
5,480,32.220192278675896,1.2201922786758956,[7 3 2 1 9 9 5 0 3 6],SA,att,30,10,10,0.95,10000,48.37789869308472,5000,-1,50,0.05,0.1
5,495,32.220192278675896,1.2201922786758956,[7 3 2 1 9 9 5 0 3 6],SA,att,30,10,10,0.95,10000,48.38481783866882,5000,-1,50,0.05,0.1
5,510,32.220192278675896,1.2201922786758956,[7 3 2 1 9 9 5 0 3 6],SA,att,30,10,10,0.95,10000,48.405006885528564,5000,-1,50,0.05,0.1
5,525,32.220192278675896,1.2201922786758956,[7 3 2 1 9 9 5 0 3 8],SA,att,30,10,10,0.95,10000,48.608659744262695,5000,-1,50,0.05,0.1
5,540,32.220192278675896,1.2201922786758956,[7 3 2 1 9 9 5 0 3 8],SA,att,30,10,10,0.95,10000,48.61989378929138,5000,-1,50,0.05,0.1
5,555,32.220192278675896,1.2201922786758956,[7 3 2 1 9 9 5 0 3 8],SA,att,30,10,10,0.95,10000,48.52960205078125,5000,-1,50,0.05,0.1
5,570,32.220192278675896,1.2201922786758956,[7 3 2 1 9 9 5 0 3 8],SA,att,30,10,10,0.95,10000,48.634621143341064,5000,-1,50,0.05,0.1
5,585,32.220192278675896,1.2201922786758956,[7 3 2 1 9 9 5 0 3 8],SA,att,30,10,10,0.95,10000,48.56531023979187,5000,-1,50,0.05,0.1
5,600,32.220192278675896,1.2201922786758956,[7 3 2 1 9 9 5 0 3 8],SA,att,30,10,10,0.95,10000,48.64426898956299,5000,-1,50,0.05,0.1
5,615,32.220192278675896,1.2201922786758956,[7 3 2 1 9 9 5 0 3 8],SA,att,30,10,10,0.95,10000,48.63646602630615,5000,-1,50,0.05,0.1
5,630,32.220192278675896,1.2201922786758956,[7 3 2 1 9 9 5 0 3 8],SA,att,30,10,10,0.95,10000,48.4927122592926,5000,-1,50,0.05,0.1
5,645,32.220192278675896,1.2201922786758956,[7 3 2 1 9 9 5 0 3 8],SA,att,30,10,10,0.95,10000,48.671302795410156,5000,-1,50,0.05,0.1
5,660,32.220192278675896,1.2201922786758956,[7 3 2 1 9 9 5 0 3 8],SA,att,30,10,10,0.95,10000,48.58249497413635,5000,-1,50,0.05,0.1
5,675,32.220192278675896,1.2201922786758956,[7 3 2 1 9 9 5 0 3 8],SA,att,30,10,10,0.95,10000,48.540327310562134,5000,-1,50,0.05,0.1
5,690,32.220192278675896,1.2201922786758956,[7 3 2 1 9 9 5 0 3 8],SA,att,30,10,10,0.95,10000,48.489351987838745,5000,-1,50,0.05,0.1
5,705,32.220192278675896,1.2201922786758956,[7 3 2 1 9 9 5 0 3 8],SA,att,30,10,10,0.95,10000,48.47555661201477,5000,-1,50,0.05,0.1
5,720,32.220192278675896,1.2201922786758956,[7 3 2 1 9 9 5 0 3 8],SA,att,30,10,10,0.95,10000,48.4974205493927,5000,-1,50,0.05,0.1
5,735,32.220192278675896,1.2201922786758956,[7 3 2 1 9 9 5 0 3 8],SA,att,30,10,10,0.95,10000,48.54607105255127,5000,-1,50,0.05,0.1
5,750,32.220192278675896,1.2201922786758956,[7 3 2 1 9 9 5 0 3 8],SA,att,30,10,10,0.95,10000,48.57854342460632,5000,-1,50,0.05,0.1
5,765,32.220192278675896,1.2201922786758956,[7 3 2 1 9 9 5 0 3 8],SA,att,30,10,10,0.95,10000,48.53750967979431,5000,-1,50,0.05,0.1
5,780,32.220192278675896,1.2201922786758956,[7 3 2 1 9 9 5 0 3 8],SA,att,30,10,10,0.95,10000,48.60952973365784,5000,-1,50,0.05,0.1
5,795,32.220192278675896,1.2201922786758956,[7 3 2 1 9 9 5 0 3 8],SA,att,30,10,10,0.95,10000,48.675018310546875,5000,-1,50,0.05,0.1
5,810,32.220192278675896,1.2201922786758956,[7 3 2 1 9 9 5 0 3 8],SA,att,30,10,10,0.95,10000,48.48517155647278,5000,-1,50,0.05,0.1
5,825,32.220192278675896,1.2201922786758956,[7 3 2 1 9 9 5 0 3 8],SA,att,30,10,10,0.95,10000,48.445059061050415,5000,-1,50,0.05,0.1
5,840,32.220192278675896,1.2201922786758956,[7 3 2 1 9 9 5 0 3 8],SA,att,30,10,10,0.95,10000,48.61973738670349,5000,-1,50,0.05,0.1
5,855,32.220192278675896,1.2201922786758956,[7 3 2 1 9 9 5 0 3 8],SA,att,30,10,10,0.95,10000,48.61597561836243,5000,-1,50,0.05,0.1
5,870,32.220192278675896,1.2201922786758956,[7 3 2 1 9 9 5 0 3 8],SA,att,30,10,10,0.95,10000,48.45900011062622,5000,-1,50,0.05,0.1
5,885,32.220192278675896,1.2201922786758956,[7 3 2 1 9 9 5 0 3 8],SA,att,30,10,10,0.95,10000,48.427106857299805,5000,-1,50,0.05,0.1
5,900,32.220192278675896,1.2201922786758956,[7 3 2 1 9 9 5 0 3 8],SA,att,30,10,10,0.95,10000,48.51621389389038,5000,-1,50,0.05,0.1
5,915,32.220192278675896,1.2201922786758956,[7 3 2 1 9 9 5 0 3 8],SA,att,30,10,10,0.95,10000,48.68141746520996,5000,-1,50,0.05,0.1
5,930,32.220192278675896,1.2201922786758956,[7 3 2 1 9 9 5 0 3 8],SA,att,30,10,10,0.95,10000,48.61211705207825,5000,-1,50,0.05,0.1
5,945,32.220192278675896,1.2201922786758956,[7 3 2 1 9 9 5 0 3 8],SA,att,30,10,10,0.95,10000,48.72179102897644,5000,-1,50,0.05,0.1
5,960,32.220192278675896,1.2201922786758956,[7 3 2 1 9 9 5 0 3 8],SA,att,30,10,10,0.95,10000,48.66710638999939,5000,-1,50,0.05,0.1
5,975,32.220192278675896,1.2201922786758956,[7 3 2 1 9 9 5 0 3 8],SA,att,30,10,10,0.95,10000,48.587347745895386,5000,-1,50,0.05,0.1
5,990,32.220192278675896,1.2201922786758956,[7 3 2 1 9 9 5 0 3 8],SA,att,30,10,10,0.95,10000,48.572593450546265,5000,-1,50,0.05,0.1
5,1005,32.220192278675896,1.2201922786758956,[7 3 2 1 9 9 5 0 3 8],SA,att,30,10,10,0.95,10000,48.5003924369812,5000,-1,50,0.05,0.1
5,1020,32.220192278675896,1.2201922786758956,[7 3 2 1 9 9 5 0 3 8],SA,att,30,10,10,0.95,10000,48.42319893836975,5000,-1,50,0.05,0.1
5,1035,32.220192278675896,1.2201922786758956,[7 3 2 1 9 9 5 0 3 8],SA,att,30,10,10,0.95,10000,48.4705286026001,5000,-1,50,0.05,0.1
5,1050,32.220192278675896,1.2201922786758956,[7 3 2 1 9 9 5 0 3 8],SA,att,30,10,10,0.95,10000,48.44669151306152,5000,-1,50,0.05,0.1
5,1065,32.220192278675896,1.2201922786758956,[7 3 2 1 9 9 5 0 3 8],SA,att,30,10,10,0.95,10000,48.61934995651245,5000,-1,50,0.05,0.1
5,1080,32.220192278675896,1.2201922786758956,[7 3 2 1 9 9 5 0 3 8],SA,att,30,10,10,0.95,10000,48.52694654464722,5000,-1,50,0.05,0.1
5,1095,32.220192278675896,1.2201922786758956,[7 3 2 1 9 9 5 0 3 8],SA,att,30,10,10,0.95,10000,48.392093658447266,5000,-1,50,0.05,0.1
5,1110,32.220192278675896,1.2201922786758956,[7 3 2 1 9 9 5 0 3 8],SA,att,30,10,10,0.95,10000,48.43359136581421,5000,-1,50,0.05,0.1
5,1125,32.220192278675896,1.2201922786758956,[7 3 2 1 9 9 5 0 3 8],SA,att,30,10,10,0.95,10000,48.47435641288757,5000,-1,50,0.05,0.1
5,1140,32.220192278675896,1.2201922786758956,[7 3 2 1 9 9 5 0 3 8],SA,att,30,10,10,0.95,10000,48.544557094573975,5000,-1,50,0.05,0.1
5,1155,32.220192278675896,1.2201922786758956,[7 3 2 1 9 9 5 0 3 8],SA,att,30,10,10,0.95,10000,48.57421112060547,5000,-1,50,0.05,0.1
5,1170,32.220192278675896,1.2201922786758956,[7 3 2 1 9 9 5 0 3 8],SA,att,30,10,10,0.95,10000,48.47315812110901,5000,-1,50,0.05,0.1
5,1185,32.220192278675896,1.2201922786758956,[7 3 2 1 9 9 5 0 3 8],SA,att,30,10,10,0.95,10000,48.554352045059204,5000,-1,50,0.05,0.1
5,1200,32.220192278675896,1.2201922786758956,[7 3 2 1 9 9 5 0 3 8],SA,att,30,10,10,0.95,10000,46.98564076423645,5000,-1,50,0.05,0.1
6,15,21.05140241548403,-9.94859758451597,[3 7 8 5 5 2 3 4 2 7],SA,att,30,10,10,0.95,10000,50.03134298324585,5000,-1,50,0.05,0.1
6,30,21.774583369153305,-9.225416630846695,[0 8 0 7 1 1 8 3 7 0],SA,att,30,10,10,0.95,10000,49.99055051803589,5000,-1,50,0.05,0.1
6,45,25.573889534544694,-5.426110465455306,[6 1 5 9 1 5 5 8 3 8],SA,att,30,10,10,0.95,10000,50.00950598716736,5000,-1,50,0.05,0.1
6,60,29.151171359548815,-1.8488286404511847,[6 1 2 1 9 3 5 0 3 8],SA,att,30,10,10,0.95,10000,49.83606696128845,5000,-1,50,0.05,0.1
6,75,29.151171359548815,-1.8488286404511847,[6 1 2 1 9 3 5 0 3 8],SA,att,30,10,10,0.95,10000,49.94455075263977,5000,-1,50,0.05,0.1
6,90,29.151171359548815,-1.8488286404511847,[6 1 2 1 9 3 5 0 3 8],SA,att,30,10,10,0.95,10000,50.002254247665405,5000,-1,50,0.05,0.1
6,105,29.151171359548815,-1.8488286404511847,[3 3 2 1 5 9 5 0 3 8],SA,att,30,10,10,0.95,10000,49.965728521347046,5000,-1,50,0.05,0.1
6,120,31.209230092740437,0.20923009274043736,[7 3 8 1 9 9 5 0 3 6],SA,att,30,10,10,0.95,10000,50.07939291000366,5000,-1,50,0.05,0.1
6,135,31.209230092740437,0.20923009274043736,[7 3 8 1 9 9 5 0 3 6],SA,att,30,10,10,0.95,10000,49.978185415267944,5000,-1,50,0.05,0.1
6,150,31.209230092740437,0.20923009274043736,[7 3 8 1 9 9 5 0 3 6],SA,att,30,10,10,0.95,10000,49.774871826171875,5000,-1,50,0.05,0.1
6,165,31.209230092740437,0.20923009274043736,[7 3 8 1 9 9 5 0 3 6],SA,att,30,10,10,0.95,10000,49.80987334251404,5000,-1,50,0.05,0.1
6,180,31.209230092740437,0.20923009274043736,[7 3 8 1 9 9 5 0 3 6],SA,att,30,10,10,0.95,10000,49.99986410140991,5000,-1,50,0.05,0.1
6,195,31.393710577168072,0.393710577168072,[7 3 2 1 9 9 5 8 3 1],SA,att,30,10,10,0.95,10000,49.9347870349884,5000,-1,50,0.05,0.1
6,210,31.393710577168072,0.393710577168072,[7 3 2 1 9 9 5 0 3 6],SA,att,30,10,10,0.95,10000,50.015238761901855,5000,-1,50,0.05,0.1
6,225,31.393710577168072,0.393710577168072,[7 3 2 1 9 9 5 0 3 8],SA,att,30,10,10,0.95,10000,49.96819353103638,5000,-1,50,0.05,0.1
6,240,31.393710577168072,0.393710577168072,[7 3 2 1 9 9 5 0 3 8],SA,att,30,10,10,0.95,10000,81.5297179222107,5000,-1,50,0.05,0.1
6,255,31.393710577168072,0.393710577168072,[7 3 2 1 9 9 5 0 3 8],SA,att,30,10,10,0.95,10000,81.52089667320251,5000,-1,50,0.05,0.1
6,270,31.393710577168072,0.393710577168072,[7 3 2 1 9 9 5 0 3 8],SA,att,30,10,10,0.95,10000,81.26647877693176,5000,-1,50,0.05,0.1
6,285,32.22343901234193,1.2234390123419274,[7 3 2 1 9 9 5 0 3 6],SA,att,30,10,10,0.95,10000,81.4017322063446,5000,-1,50,0.05,0.1
6,300,32.22343901234193,1.2234390123419274,[7 3 2 1 9 9 5 0 3 6],SA,att,30,10,10,0.95,10000,81.56128263473511,5000,-1,50,0.05,0.1
6,315,32.22343901234193,1.2234390123419274,[7 3 2 1 9 9 5 0 3 6],SA,att,30,10,10,0.95,10000,81.34482264518738,5000,-1,50,0.05,0.1
6,330,32.22343901234193,1.2234390123419274,[7 3 2 1 9 9 5 0 3 6],SA,att,30,10,10,0.95,10000,72.32236886024475,5000,-1,50,0.05,0.1
6,345,32.22343901234193,1.2234390123419274,[7 3 2 1 9 9 5 0 3 6],SA,att,30,10,10,0.95,10000,49.89440679550171,5000,-1,50,0.05,0.1
6,360,32.22343901234193,1.2234390123419274,[7 3 2 1 9 9 5 0 3 6],SA,att,30,10,10,0.95,10000,49.82933211326599,5000,-1,50,0.05,0.1
6,375,32.22343901234193,1.2234390123419274,[7 3 2 1 9 9 5 0 3 8],SA,att,30,10,10,0.95,10000,49.76150608062744,5000,-1,50,0.05,0.1
6,390,32.22343901234193,1.2234390123419274,[7 3 2 1 9 9 5 0 3 8],SA,att,30,10,10,0.95,10000,49.88684630393982,5000,-1,50,0.05,0.1
6,405,32.22343901234193,1.2234390123419274,[7 3 2 1 9 9 5 0 3 8],SA,att,30,10,10,0.95,10000,49.89889192581177,5000,-1,50,0.05,0.1
6,420,32.22343901234193,1.2234390123419274,[7 3 2 1 9 9 5 0 3 8],SA,att,30,10,10,0.95,10000,49.96438550949097,5000,-1,50,0.05,0.1
6,435,32.22343901234193,1.2234390123419274,[7 3 2 1 9 9 5 0 3 8],SA,att,30,10,10,0.95,10000,50.01724052429199,5000,-1,50,0.05,0.1
6,450,32.22343901234193,1.2234390123419274,[7 3 2 1 9 9 5 0 3 8],SA,att,30,10,10,0.95,10000,49.891072511672974,5000,-1,50,0.05,0.1
6,465,32.22343901234193,1.2234390123419274,[7 3 2 1 9 9 5 0 3 8],SA,att,30,10,10,0.95,10000,49.93365168571472,5000,-1,50,0.05,0.1
6,480,32.226322804502935,1.226322804502935,[7 3 2 1 9 9 5 0 3 6],SA,att,30,10,10,0.95,10000,50.02730059623718,5000,-1,50,0.05,0.1
6,495,32.226322804502935,1.226322804502935,[7 3 2 1 9 9 5 0 3 6],SA,att,30,10,10,0.95,10000,50.008705854415894,5000,-1,50,0.05,0.1
6,510,32.226322804502935,1.226322804502935,[7 3 2 1 9 9 5 0 3 6],SA,att,30,10,10,0.95,10000,49.845669746398926,5000,-1,50,0.05,0.1
6,525,32.226322804502935,1.226322804502935,[7 3 2 1 9 9 5 0 3 6],SA,att,30,10,10,0.95,10000,49.904627561569214,5000,-1,50,0.05,0.1
6,540,32.226322804502935,1.226322804502935,[7 3 2 1 9 9 5 0 3 6],SA,att,30,10,10,0.95,10000,50.08206582069397,5000,-1,50,0.05,0.1
6,555,32.226322804502935,1.226322804502935,[7 3 2 1 9 9 5 0 3 6],SA,att,30,10,10,0.95,10000,49.91222596168518,5000,-1,50,0.05,0.1
6,570,32.226322804502935,1.226322804502935,[7 3 2 1 9 9 5 0 3 6],SA,att,30,10,10,0.95,10000,49.98325991630554,5000,-1,50,0.05,0.1
6,585,32.226322804502935,1.226322804502935,[7 3 2 1 9 9 5 0 3 6],SA,att,30,10,10,0.95,10000,49.9727885723114,5000,-1,50,0.05,0.1
6,600,32.226322804502935,1.226322804502935,[7 3 2 1 9 9 5 0 3 6],SA,att,30,10,10,0.95,10000,49.91999959945679,5000,-1,50,0.05,0.1
6,615,32.226322804502935,1.226322804502935,[7 3 2 1 9 9 5 0 3 6],SA,att,30,10,10,0.95,10000,49.90939259529114,5000,-1,50,0.05,0.1
6,630,32.226322804502935,1.226322804502935,[7 3 2 1 9 9 5 0 3 6],SA,att,30,10,10,0.95,10000,49.848203897476196,5000,-1,50,0.05,0.1
6,645,32.226322804502935,1.226322804502935,[7 3 2 1 9 9 5 0 3 6],SA,att,30,10,10,0.95,10000,49.896848917007446,5000,-1,50,0.05,0.1
6,660,32.226322804502935,1.226322804502935,[7 3 2 1 9 9 5 0 3 6],SA,att,30,10,10,0.95,10000,49.84280347824097,5000,-1,50,0.05,0.1
6,675,32.226322804502935,1.226322804502935,[7 3 2 1 9 9 5 0 3 6],SA,att,30,10,10,0.95,10000,50.107823848724365,5000,-1,50,0.05,0.1
6,690,32.226322804502935,1.226322804502935,[7 3 2 1 9 9 5 0 3 6],SA,att,30,10,10,0.95,10000,49.86530661582947,5000,-1,50,0.05,0.1
6,705,32.226322804502935,1.226322804502935,[7 3 2 1 9 9 5 0 3 6],SA,att,30,10,10,0.95,10000,49.811007022857666,5000,-1,50,0.05,0.1
6,720,32.226322804502935,1.226322804502935,[7 3 2 1 9 9 5 0 3 6],SA,att,30,10,10,0.95,10000,49.987523317337036,5000,-1,50,0.05,0.1
6,735,32.226322804502935,1.226322804502935,[7 3 2 1 9 9 5 0 3 6],SA,att,30,10,10,0.95,10000,49.94467067718506,5000,-1,50,0.05,0.1
6,750,32.226322804502935,1.226322804502935,[7 3 2 1 9 9 5 0 3 6],SA,att,30,10,10,0.95,10000,50.100006341934204,5000,-1,50,0.05,0.1
6,765,32.226322804502935,1.226322804502935,[7 3 2 1 9 9 5 0 3 6],SA,att,30,10,10,0.95,10000,50.11093592643738,5000,-1,50,0.05,0.1
6,780,32.226322804502935,1.226322804502935,[7 3 2 1 9 9 5 0 3 6],SA,att,30,10,10,0.95,10000,49.941704988479614,5000,-1,50,0.05,0.1
6,795,32.226322804502935,1.226322804502935,[7 3 2 1 9 9 5 0 3 6],SA,att,30,10,10,0.95,10000,50.05863881111145,5000,-1,50,0.05,0.1
6,810,32.226322804502935,1.226322804502935,[7 3 2 1 9 9 5 0 3 6],SA,att,30,10,10,0.95,10000,49.90067529678345,5000,-1,50,0.05,0.1
6,825,32.226322804502935,1.226322804502935,[7 3 2 1 9 9 5 0 3 6],SA,att,30,10,10,0.95,10000,49.955310344696045,5000,-1,50,0.05,0.1
6,840,32.226322804502935,1.226322804502935,[7 3 2 1 9 9 5 0 3 6],SA,att,30,10,10,0.95,10000,49.93053340911865,5000,-1,50,0.05,0.1
6,855,32.226322804502935,1.226322804502935,[7 3 2 1 9 9 5 0 3 6],SA,att,30,10,10,0.95,10000,49.98517847061157,5000,-1,50,0.05,0.1
6,870,32.226322804502935,1.226322804502935,[7 3 2 1 9 9 5 0 3 6],SA,att,30,10,10,0.95,10000,49.86615967750549,5000,-1,50,0.05,0.1
6,885,32.226322804502935,1.226322804502935,[7 3 2 1 9 9 5 0 3 6],SA,att,30,10,10,0.95,10000,49.910895586013794,5000,-1,50,0.05,0.1
6,900,32.226322804502935,1.226322804502935,[7 3 2 1 9 9 5 0 3 6],SA,att,30,10,10,0.95,10000,49.95334815979004,5000,-1,50,0.05,0.1
6,915,32.226322804502935,1.226322804502935,[7 3 2 1 9 9 5 0 3 6],SA,att,30,10,10,0.95,10000,50.082547187805176,5000,-1,50,0.05,0.1
6,930,32.226322804502935,1.226322804502935,[7 3 2 1 9 9 5 0 3 6],SA,att,30,10,10,0.95,10000,50.086055755615234,5000,-1,50,0.05,0.1
6,945,32.226322804502935,1.226322804502935,[7 3 2 1 9 9 5 0 3 6],SA,att,30,10,10,0.95,10000,49.92776560783386,5000,-1,50,0.05,0.1
6,960,32.226322804502935,1.226322804502935,[7 3 2 1 9 9 5 0 3 6],SA,att,30,10,10,0.95,10000,49.87974524497986,5000,-1,50,0.05,0.1
6,975,32.226322804502935,1.226322804502935,[7 3 2 1 9 9 5 0 3 6],SA,att,30,10,10,0.95,10000,49.96494913101196,5000,-1,50,0.05,0.1
6,990,32.226322804502935,1.226322804502935,[7 3 2 1 9 9 5 0 3 6],SA,att,30,10,10,0.95,10000,49.92138600349426,5000,-1,50,0.05,0.1
6,1005,32.226322804502935,1.226322804502935,[7 3 2 1 9 9 5 0 3 6],SA,att,30,10,10,0.95,10000,49.984975814819336,5000,-1,50,0.05,0.1
6,1020,32.226322804502935,1.226322804502935,[7 3 2 1 9 9 5 0 3 6],SA,att,30,10,10,0.95,10000,49.96912503242493,5000,-1,50,0.05,0.1
6,1035,32.226322804502935,1.226322804502935,[7 3 2 1 9 9 5 0 3 6],SA,att,30,10,10,0.95,10000,50.03762888908386,5000,-1,50,0.05,0.1
6,1050,32.226322804502935,1.226322804502935,[7 3 2 1 9 9 5 0 3 6],SA,att,30,10,10,0.95,10000,49.90883111953735,5000,-1,50,0.05,0.1
6,1065,32.226322804502935,1.226322804502935,[7 3 2 1 9 9 5 0 3 6],SA,att,30,10,10,0.95,10000,49.89693999290466,5000,-1,50,0.05,0.1
6,1080,32.226322804502935,1.226322804502935,[7 3 2 1 9 9 5 0 3 6],SA,att,30,10,10,0.95,10000,49.84959435462952,5000,-1,50,0.05,0.1
6,1095,32.226322804502935,1.226322804502935,[7 3 2 1 9 9 5 0 3 6],SA,att,30,10,10,0.95,10000,49.83746123313904,5000,-1,50,0.05,0.1
6,1110,32.226322804502935,1.226322804502935,[7 3 2 1 9 9 5 0 3 6],SA,att,30,10,10,0.95,10000,47.664111375808716,5000,-1,50,0.05,0.1
6,1125,32.226322804502935,1.226322804502935,[7 3 2 1 9 9 5 0 3 6],SA,att,30,10,10,0.95,10000,46.443660497665405,5000,-1,50,0.05,0.1
6,1140,32.226322804502935,1.226322804502935,[7 3 2 1 9 9 5 0 3 6],SA,att,30,10,10,0.95,10000,45.15862846374512,5000,-1,50,0.05,0.1
6,1155,32.226322804502935,1.226322804502935,[7 3 2 1 9 9 5 0 3 6],SA,att,30,10,10,0.95,10000,43.807990074157715,5000,-1,50,0.05,0.1
6,1170,32.226322804502935,1.226322804502935,[7 3 2 1 9 9 5 0 3 6],SA,att,30,10,10,0.95,10000,43.75113916397095,5000,-1,50,0.05,0.1
6,1185,32.226322804502935,1.226322804502935,[7 3 2 1 9 9 5 0 3 6],SA,att,30,10,10,0.95,10000,43.832261085510254,5000,-1,50,0.05,0.1
6,1200,32.226322804502935,1.226322804502935,[7 3 2 1 9 9 5 0 3 6],SA,att,30,10,10,0.95,10000,43.96613907814026,5000,-1,50,0.05,0.1
7,15,23.663163598466785,-7.3368364015332155,[2 2 3 8 7 4 3 9 3 1],SA,att,30,10,10,0.95,10000,50.07377004623413,5000,-1,50,0.05,0.1
7,30,23.663163598466785,-7.3368364015332155,[2 8 3 8 7 4 3 0 3 1],SA,att,30,10,10,0.95,10000,49.95787453651428,5000,-1,50,0.05,0.1
7,45,23.663163598466785,-7.3368364015332155,[5 3 8 9 1 0 6 0 3 9],SA,att,30,10,10,0.95,10000,50.03419232368469,5000,-1,50,0.05,0.1
7,60,25.25782362574587,-5.742176374254129,[8 3 7 9 5 6 8 6 3 6],SA,att,30,10,10,0.95,10000,50.029192209243774,5000,-1,50,0.05,0.1
7,75,26.66355195097565,-4.3364480490243515,[8 3 6 8 9 6 7 8 3 8],SA,att,30,10,10,0.95,10000,49.934165477752686,5000,-1,50,0.05,0.1
7,90,28.38267900421149,-2.6173209957885106,[7 3 0 1 0 8 1 0 3 8],SA,att,30,10,10,0.95,10000,52.928401708602905,5000,-1,50,0.05,0.1
7,105,28.38267900421149,-2.6173209957885106,[7 3 0 1 0 8 1 0 3 8],SA,att,30,10,10,0.95,10000,50.05844068527222,5000,-1,50,0.05,0.1
7,120,28.38267900421149,-2.6173209957885106,[7 3 0 1 0 8 1 0 3 8],SA,att,30,10,10,0.95,10000,50.044536113739014,5000,-1,50,0.05,0.1
7,135,29.198868706884877,-1.801131293115123,[7 3 2 8 8 9 6 0 3 9],SA,att,30,10,10,0.95,10000,50.163731813430786,5000,-1,50,0.05,0.1
7,150,30.2995075539419,-0.7004924460580995,[7 3 2 1 8 9 2 0 3 8],SA,att,30,10,10,0.95,10000,50.010114431381226,5000,-1,50,0.05,0.1
7,165,30.2995075539419,-0.7004924460580995,[7 3 2 1 8 9 2 0 3 8],SA,att,30,10,10,0.95,10000,49.93558120727539,5000,-1,50,0.05,0.1
7,180,31.185855242080674,0.18585524208067383,[7 3 9 1 9 9 5 0 3 8],SA,att,30,10,10,0.95,10000,49.971476793289185,5000,-1,50,0.05,0.1
7,195,32.17870704395557,1.1787070439555691,[7 3 2 1 9 9 5 0 3 8],SA,att,30,10,10,0.95,10000,49.98238134384155,5000,-1,50,0.05,0.1
7,210,32.202191582322016,1.2021915823220155,[7 3 2 1 9 9 5 0 3 6],SA,att,30,10,10,0.95,10000,50.13980746269226,5000,-1,50,0.05,0.1
7,225,32.202191582322016,1.2021915823220155,[7 3 2 1 9 9 5 0 3 6],SA,att,30,10,10,0.95,10000,50.067723989486694,5000,-1,50,0.05,0.1
7,240,32.202191582322016,1.2021915823220155,[7 3 2 1 9 9 5 0 3 6],SA,att,30,10,10,0.95,10000,50.165140867233276,5000,-1,50,0.05,0.1
7,255,32.21974731433546,1.2197473143354571,[7 3 2 1 9 9 5 0 3 6],SA,att,30,10,10,0.95,10000,50.27757406234741,5000,-1,50,0.05,0.1
7,270,32.21974731433546,1.2197473143354571,[7 3 2 1 9 9 5 0 3 6],SA,att,30,10,10,0.95,10000,50.3264000415802,5000,-1,50,0.05,0.1
7,285,32.21974731433546,1.2197473143354571,[7 3 2 1 9 9 5 0 3 6],SA,att,30,10,10,0.95,10000,50.13589310646057,5000,-1,50,0.05,0.1
7,300,32.21974731433546,1.2197473143354571,[7 3 2 1 9 9 5 0 3 6],SA,att,30,10,10,0.95,10000,50.268176794052124,5000,-1,50,0.05,0.1
7,315,32.21974731433546,1.2197473143354571,[7 3 2 1 9 9 5 0 3 6],SA,att,30,10,10,0.95,10000,50.12098741531372,5000,-1,50,0.05,0.1
7,330,32.21974731433546,1.2197473143354571,[7 3 2 1 9 9 5 0 3 6],SA,att,30,10,10,0.95,10000,50.058024168014526,5000,-1,50,0.05,0.1
7,345,32.21974731433546,1.2197473143354571,[7 3 2 1 9 9 5 0 3 6],SA,att,30,10,10,0.95,10000,50.06599545478821,5000,-1,50,0.05,0.1
7,360,32.22030715643644,1.2203071564364407,[7 3 2 1 9 9 5 0 3 6],SA,att,30,10,10,0.95,10000,50.112404584884644,5000,-1,50,0.05,0.1
7,375,32.22030715643644,1.2203071564364407,[7 3 2 1 9 9 5 0 3 6],SA,att,30,10,10,0.95,10000,50.17890787124634,5000,-1,50,0.05,0.1
7,390,32.22030715643644,1.2203071564364407,[7 3 2 1 9 9 5 0 3 6],SA,att,30,10,10,0.95,10000,50.10219049453735,5000,-1,50,0.05,0.1
7,405,32.22030715643644,1.2203071564364407,[7 3 2 1 9 9 5 0 3 6],SA,att,30,10,10,0.95,10000,50.05327248573303,5000,-1,50,0.05,0.1
7,420,32.22030715643644,1.2203071564364407,[7 3 2 1 9 9 5 0 3 6],SA,att,30,10,10,0.95,10000,50.244062185287476,5000,-1,50,0.05,0.1
7,435,32.22030715643644,1.2203071564364407,[7 3 2 1 9 9 5 0 3 6],SA,att,30,10,10,0.95,10000,50.089351177215576,5000,-1,50,0.05,0.1
7,450,32.22030715643644,1.2203071564364407,[7 3 2 1 9 9 5 0 3 6],SA,att,30,10,10,0.95,10000,50.23636865615845,5000,-1,50,0.05,0.1
7,465,32.22030715643644,1.2203071564364407,[7 3 2 1 9 9 5 0 3 6],SA,att,30,10,10,0.95,10000,50.17430067062378,5000,-1,50,0.05,0.1
7,480,32.22030715643644,1.2203071564364407,[7 3 2 1 9 9 5 0 3 6],SA,att,30,10,10,0.95,10000,50.22010564804077,5000,-1,50,0.05,0.1
7,495,32.22030715643644,1.2203071564364407,[7 3 2 1 9 9 5 0 3 6],SA,att,30,10,10,0.95,10000,50.181304693222046,5000,-1,50,0.05,0.1
7,510,32.22030715643644,1.2203071564364407,[7 3 2 1 9 9 5 0 3 6],SA,att,30,10,10,0.95,10000,50.09660863876343,5000,-1,50,0.05,0.1
7,525,32.22030715643644,1.2203071564364407,[7 3 2 1 9 9 5 0 3 6],SA,att,30,10,10,0.95,10000,50.10078501701355,5000,-1,50,0.05,0.1
7,540,32.22030715643644,1.2203071564364407,[7 3 2 1 9 9 5 0 3 6],SA,att,30,10,10,0.95,10000,50.01751112937927,5000,-1,50,0.05,0.1
7,555,32.22030715643644,1.2203071564364407,[7 3 2 1 9 9 5 0 3 6],SA,att,30,10,10,0.95,10000,50.07743573188782,5000,-1,50,0.05,0.1
7,570,32.22030715643644,1.2203071564364407,[7 3 2 1 9 9 5 0 3 6],SA,att,30,10,10,0.95,10000,49.98347330093384,5000,-1,50,0.05,0.1
7,585,32.22030715643644,1.2203071564364407,[7 3 2 1 9 9 5 0 3 6],SA,att,30,10,10,0.95,10000,50.15693688392639,5000,-1,50,0.05,0.1
7,600,32.22030715643644,1.2203071564364407,[7 3 2 1 9 9 5 0 3 6],SA,att,30,10,10,0.95,10000,50.027130126953125,5000,-1,50,0.05,0.1
7,615,32.22030715643644,1.2203071564364407,[7 3 2 1 9 9 5 0 3 6],SA,att,30,10,10,0.95,10000,50.035178422927856,5000,-1,50,0.05,0.1
7,630,32.22030715643644,1.2203071564364407,[7 3 2 1 9 9 5 0 3 6],SA,att,30,10,10,0.95,10000,50.07247281074524,5000,-1,50,0.05,0.1
7,645,32.22030715643644,1.2203071564364407,[7 3 2 1 9 9 5 0 3 6],SA,att,30,10,10,0.95,10000,49.91273760795593,5000,-1,50,0.05,0.1
7,660,32.22030715643644,1.2203071564364407,[7 3 2 1 9 9 5 0 3 6],SA,att,30,10,10,0.95,10000,49.91333341598511,5000,-1,50,0.05,0.1
7,675,32.22030715643644,1.2203071564364407,[7 3 2 1 9 9 5 0 3 6],SA,att,30,10,10,0.95,10000,49.94970726966858,5000,-1,50,0.05,0.1
7,690,32.22030715643644,1.2203071564364407,[7 3 2 1 9 9 5 0 3 6],SA,att,30,10,10,0.95,10000,49.96247720718384,5000,-1,50,0.05,0.1
7,705,32.22030715643644,1.2203071564364407,[7 3 2 1 9 9 5 0 3 6],SA,att,30,10,10,0.95,10000,50.03414273262024,5000,-1,50,0.05,0.1
7,720,32.22030715643644,1.2203071564364407,[7 3 2 1 9 9 5 0 3 6],SA,att,30,10,10,0.95,10000,50.0475435256958,5000,-1,50,0.05,0.1
7,735,32.22030715643644,1.2203071564364407,[7 3 2 1 9 9 5 0 3 6],SA,att,30,10,10,0.95,10000,50.00589442253113,5000,-1,50,0.05,0.1
7,750,32.22030715643644,1.2203071564364407,[7 3 2 1 9 9 5 0 3 6],SA,att,30,10,10,0.95,10000,50.03596329689026,5000,-1,50,0.05,0.1
7,765,32.22030715643644,1.2203071564364407,[7 3 2 1 9 9 5 0 3 6],SA,att,30,10,10,0.95,10000,49.989068269729614,5000,-1,50,0.05,0.1
7,780,32.22030715643644,1.2203071564364407,[7 3 2 1 9 9 5 0 3 6],SA,att,30,10,10,0.95,10000,50.02314066886902,5000,-1,50,0.05,0.1
7,795,32.22030715643644,1.2203071564364407,[7 3 2 1 9 9 5 0 3 6],SA,att,30,10,10,0.95,10000,49.93934464454651,5000,-1,50,0.05,0.1
7,810,32.22030715643644,1.2203071564364407,[7 3 2 1 9 9 5 0 3 6],SA,att,30,10,10,0.95,10000,50.02390933036804,5000,-1,50,0.05,0.1
7,825,32.22030715643644,1.2203071564364407,[7 3 2 1 9 9 5 0 3 6],SA,att,30,10,10,0.95,10000,49.964906454086304,5000,-1,50,0.05,0.1
7,840,32.22030715643644,1.2203071564364407,[7 3 2 1 9 9 5 0 3 6],SA,att,30,10,10,0.95,10000,49.98548460006714,5000,-1,50,0.05,0.1
7,855,32.22030715643644,1.2203071564364407,[7 3 2 1 9 9 5 0 3 6],SA,att,30,10,10,0.95,10000,49.89268445968628,5000,-1,50,0.05,0.1
7,870,32.22030715643644,1.2203071564364407,[7 3 2 1 9 9 5 0 3 6],SA,att,30,10,10,0.95,10000,50.02623105049133,5000,-1,50,0.05,0.1
7,885,32.22030715643644,1.2203071564364407,[7 3 2 1 9 9 5 0 3 6],SA,att,30,10,10,0.95,10000,50.08981466293335,5000,-1,50,0.05,0.1
7,900,32.22030715643644,1.2203071564364407,[7 3 2 1 9 9 5 0 3 6],SA,att,30,10,10,0.95,10000,50.19988751411438,5000,-1,50,0.05,0.1
7,915,32.22030715643644,1.2203071564364407,[7 3 2 1 9 9 5 0 3 6],SA,att,30,10,10,0.95,10000,50.28286910057068,5000,-1,50,0.05,0.1
7,930,32.22030715643644,1.2203071564364407,[7 3 2 1 9 9 5 0 3 6],SA,att,30,10,10,0.95,10000,50.17950081825256,5000,-1,50,0.05,0.1
7,945,32.22030715643644,1.2203071564364407,[7 3 2 1 9 9 5 0 3 6],SA,att,30,10,10,0.95,10000,50.19049692153931,5000,-1,50,0.05,0.1
7,960,32.22030715643644,1.2203071564364407,[7 3 2 1 9 9 5 0 3 6],SA,att,30,10,10,0.95,10000,50.05034852027893,5000,-1,50,0.05,0.1
7,975,32.22030715643644,1.2203071564364407,[7 3 2 1 9 9 5 0 3 6],SA,att,30,10,10,0.95,10000,49.97281312942505,5000,-1,50,0.05,0.1
7,990,32.22030715643644,1.2203071564364407,[7 3 2 1 9 9 5 0 3 6],SA,att,30,10,10,0.95,10000,50.05389451980591,5000,-1,50,0.05,0.1
7,1005,32.22030715643644,1.2203071564364407,[7 3 2 1 9 9 5 0 3 6],SA,att,30,10,10,0.95,10000,50.01963686943054,5000,-1,50,0.05,0.1
7,1020,32.22030715643644,1.2203071564364407,[7 3 2 1 9 9 5 0 3 6],SA,att,30,10,10,0.95,10000,50.02929353713989,5000,-1,50,0.05,0.1
7,1035,32.22030715643644,1.2203071564364407,[7 3 2 1 9 9 5 0 3 6],SA,att,30,10,10,0.95,10000,50.10342454910278,5000,-1,50,0.05,0.1
7,1050,32.22030715643644,1.2203071564364407,[7 3 2 1 9 9 5 0 3 6],SA,att,30,10,10,0.95,10000,50.1149115562439,5000,-1,50,0.05,0.1
7,1065,32.22030715643644,1.2203071564364407,[7 3 2 1 9 9 5 0 3 6],SA,att,30,10,10,0.95,10000,50.079540967941284,5000,-1,50,0.05,0.1
7,1080,32.22030715643644,1.2203071564364407,[7 3 2 1 9 9 5 0 3 6],SA,att,30,10,10,0.95,10000,50.03087663650513,5000,-1,50,0.05,0.1
7,1095,32.22030715643644,1.2203071564364407,[7 3 2 1 9 9 5 0 3 6],SA,att,30,10,10,0.95,10000,50.036869525909424,5000,-1,50,0.05,0.1
7,1110,32.22030715643644,1.2203071564364407,[7 3 2 1 9 9 5 0 3 6],SA,att,30,10,10,0.95,10000,50.130006074905396,5000,-1,50,0.05,0.1
7,1125,32.22030715643644,1.2203071564364407,[7 3 2 1 9 9 5 0 3 6],SA,att,30,10,10,0.95,10000,50.04527401924133,5000,-1,50,0.05,0.1
7,1140,32.22030715643644,1.2203071564364407,[7 3 2 1 9 9 5 0 3 6],SA,att,30,10,10,0.95,10000,49.95564150810242,5000,-1,50,0.05,0.1
7,1155,32.22030715643644,1.2203071564364407,[7 3 2 1 9 9 5 0 3 6],SA,att,30,10,10,0.95,10000,49.94266605377197,5000,-1,50,0.05,0.1
7,1170,32.22030715643644,1.2203071564364407,[7 3 2 1 9 9 5 0 3 6],SA,att,30,10,10,0.95,10000,47.91700029373169,5000,-1,50,0.05,0.1
7,1185,32.22030715643644,1.2203071564364407,[7 3 2 1 9 9 5 0 3 6],SA,att,30,10,10,0.95,10000,46.607884645462036,5000,-1,50,0.05,0.1
7,1200,32.22030715643644,1.2203071564364407,[7 3 2 1 9 9 5 0 3 6],SA,att,30,10,10,0.95,10000,44.45499086380005,5000,-1,50,0.05,0.1
8,15,26.6437406944448,-4.356259305555199,[8 0 2 5 7 9 8 8 3 9],SA,att,30,10,10,0.95,10000,48.487834453582764,5000,-1,50,0.05,0.1
8,30,26.6437406944448,-4.356259305555199,[8 0 2 5 7 9 8 8 3 9],SA,att,30,10,10,0.95,10000,48.69580602645874,5000,-1,50,0.05,0.1
8,45,26.6437406944448,-4.356259305555199,[7 9 6 9 3 9 5 3 3 6],SA,att,30,10,10,0.95,10000,48.46957540512085,5000,-1,50,0.05,0.1
8,60,29.66208271430969,-1.3379172856903097,[7 6 2 1 9 9 7 0 3 3],SA,att,30,10,10,0.95,10000,48.6340069770813,5000,-1,50,0.05,0.1
8,75,29.66208271430969,-1.3379172856903097,[7 7 2 1 9 9 5 0 3 7],SA,att,30,10,10,0.95,10000,48.6462197303772,5000,-1,50,0.05,0.1
8,90,29.66208271430969,-1.3379172856903097,[7 7 2 1 9 9 5 0 3 7],SA,att,30,10,10,0.95,10000,48.72037720680237,5000,-1,50,0.05,0.1
8,105,29.66208271430969,-1.3379172856903097,[7 3 2 1 9 9 5 0 3 7],SA,att,30,10,10,0.95,10000,48.78998565673828,5000,-1,50,0.05,0.1
8,120,30.092655750016164,-0.9073442499838364,[7 4 2 3 9 9 5 0 3 9],SA,att,30,10,10,0.95,10000,48.757408618927,5000,-1,50,0.05,0.1
8,135,31.100820969357766,0.10082096935776619,[6 3 2 1 9 9 5 0 3 9],SA,att,30,10,10,0.95,10000,48.72569751739502,5000,-1,50,0.05,0.1
8,150,31.100820969357766,0.10082096935776619,[6 3 2 1 9 9 5 0 3 9],SA,att,30,10,10,0.95,10000,48.59361958503723,5000,-1,50,0.05,0.1
8,165,31.100820969357766,0.10082096935776619,[6 3 2 1 9 9 5 0 3 9],SA,att,30,10,10,0.95,10000,48.7352249622345,5000,-1,50,0.05,0.1
8,180,32.085312962523815,1.0853129625238154,[7 3 2 1 9 9 5 0 3 9],SA,att,30,10,10,0.95,10000,48.63147306442261,5000,-1,50,0.05,0.1
8,195,32.10582946112376,1.1058294611237613,[7 3 2 1 9 9 5 0 3 9],SA,att,30,10,10,0.95,10000,48.752965211868286,5000,-1,50,0.05,0.1
8,210,32.10698874268516,1.1069887426851608,[7 3 2 1 9 9 5 0 3 9],SA,att,30,10,10,0.95,10000,48.68679976463318,5000,-1,50,0.05,0.1
8,225,32.21371642164121,1.2137164216412089,[7 3 2 1 9 9 5 0 3 6],SA,att,30,10,10,0.95,10000,48.75207185745239,5000,-1,50,0.05,0.1
8,240,32.21371642164121,1.2137164216412089,[7 3 2 1 9 9 5 0 3 6],SA,att,30,10,10,0.95,10000,48.80006957054138,5000,-1,50,0.05,0.1
8,255,32.21371642164121,1.2137164216412089,[7 3 2 1 9 9 5 0 3 6],SA,att,30,10,10,0.95,10000,48.79872512817383,5000,-1,50,0.05,0.1
8,270,32.21371642164121,1.2137164216412089,[7 3 2 1 9 9 5 0 3 6],SA,att,30,10,10,0.95,10000,48.731518507003784,5000,-1,50,0.05,0.1
8,285,32.21371642164121,1.2137164216412089,[7 3 2 1 9 9 5 0 3 6],SA,att,30,10,10,0.95,10000,48.94580578804016,5000,-1,50,0.05,0.1
8,300,32.21371642164121,1.2137164216412089,[7 3 2 1 9 9 5 0 3 6],SA,att,30,10,10,0.95,10000,48.89757704734802,5000,-1,50,0.05,0.1
8,315,32.21371642164121,1.2137164216412089,[7 3 2 1 9 9 5 0 3 6],SA,att,30,10,10,0.95,10000,48.79382920265198,5000,-1,50,0.05,0.1
8,330,32.21371642164121,1.2137164216412089,[7 3 2 1 9 9 5 0 3 6],SA,att,30,10,10,0.95,10000,48.67783832550049,5000,-1,50,0.05,0.1
8,345,32.21371642164121,1.2137164216412089,[7 3 2 1 9 9 5 0 3 6],SA,att,30,10,10,0.95,10000,48.68348264694214,5000,-1,50,0.05,0.1
8,360,32.21371642164121,1.2137164216412089,[7 3 2 1 9 9 5 0 3 6],SA,att,30,10,10,0.95,10000,48.73726010322571,5000,-1,50,0.05,0.1
8,375,32.21371642164121,1.2137164216412089,[7 3 2 1 9 9 5 0 3 6],SA,att,30,10,10,0.95,10000,48.763662338256836,5000,-1,50,0.05,0.1
8,390,32.21371642164121,1.2137164216412089,[7 3 2 1 9 9 5 0 3 8],SA,att,30,10,10,0.95,10000,48.72082495689392,5000,-1,50,0.05,0.1
8,405,32.21371642164121,1.2137164216412089,[7 3 2 1 9 9 5 0 3 8],SA,att,30,10,10,0.95,10000,48.709845542907715,5000,-1,50,0.05,0.1
8,420,32.21371642164121,1.2137164216412089,[7 3 2 1 9 9 5 0 3 8],SA,att,30,10,10,0.95,10000,48.834768533706665,5000,-1,50,0.05,0.1
8,435,32.21371642164121,1.2137164216412089,[7 3 2 1 9 9 5 0 3 8],SA,att,30,10,10,0.95,10000,48.66202211380005,5000,-1,50,0.05,0.1
8,450,32.21371642164121,1.2137164216412089,[7 3 2 1 9 9 5 0 3 8],SA,att,30,10,10,0.95,10000,48.63084268569946,5000,-1,50,0.05,0.1
8,465,32.21371642164121,1.2137164216412089,[7 3 2 1 9 9 5 0 3 8],SA,att,30,10,10,0.95,10000,48.8054563999176,5000,-1,50,0.05,0.1
8,480,32.21371642164121,1.2137164216412089,[7 3 2 1 9 9 5 0 3 8],SA,att,30,10,10,0.95,10000,48.677675008773804,5000,-1,50,0.05,0.1
8,495,32.21371642164121,1.2137164216412089,[7 3 2 1 9 9 5 0 3 8],SA,att,30,10,10,0.95,10000,48.70808815956116,5000,-1,50,0.05,0.1
8,510,32.21371642164121,1.2137164216412089,[7 3 2 1 9 9 5 0 3 8],SA,att,30,10,10,0.95,10000,48.72850203514099,5000,-1,50,0.05,0.1
8,525,32.21371642164121,1.2137164216412089,[7 3 2 1 9 9 5 0 3 8],SA,att,30,10,10,0.95,10000,48.78826189041138,5000,-1,50,0.05,0.1
8,540,32.21371642164121,1.2137164216412089,[7 3 2 1 9 9 5 0 3 8],SA,att,30,10,10,0.95,10000,48.80145859718323,5000,-1,50,0.05,0.1
8,555,32.21371642164121,1.2137164216412089,[7 3 2 1 9 9 5 0 3 8],SA,att,30,10,10,0.95,10000,48.791781187057495,5000,-1,50,0.05,0.1
8,570,32.21371642164121,1.2137164216412089,[7 3 2 1 9 9 5 0 3 8],SA,att,30,10,10,0.95,10000,48.731292963027954,5000,-1,50,0.05,0.1
8,585,32.21371642164121,1.2137164216412089,[7 3 2 1 9 9 5 0 3 8],SA,att,30,10,10,0.95,10000,48.83484649658203,5000,-1,50,0.05,0.1
8,600,32.21371642164121,1.2137164216412089,[7 3 2 1 9 9 5 0 3 8],SA,att,30,10,10,0.95,10000,48.77170014381409,5000,-1,50,0.05,0.1
8,615,32.21371642164121,1.2137164216412089,[7 3 2 1 9 9 5 0 3 8],SA,att,30,10,10,0.95,10000,48.705456495285034,5000,-1,50,0.05,0.1
8,630,32.21371642164121,1.2137164216412089,[7 3 2 1 9 9 5 0 3 8],SA,att,30,10,10,0.95,10000,48.72262740135193,5000,-1,50,0.05,0.1
8,645,32.21371642164121,1.2137164216412089,[7 3 2 1 9 9 5 0 3 8],SA,att,30,10,10,0.95,10000,48.679590702056885,5000,-1,50,0.05,0.1
8,660,32.21371642164121,1.2137164216412089,[7 3 2 1 9 9 5 0 3 8],SA,att,30,10,10,0.95,10000,48.78642272949219,5000,-1,50,0.05,0.1
8,675,32.21371642164121,1.2137164216412089,[7 3 2 1 9 9 5 0 3 8],SA,att,30,10,10,0.95,10000,48.610543727874756,5000,-1,50,0.05,0.1
8,690,32.21371642164121,1.2137164216412089,[7 3 2 1 9 9 5 0 3 8],SA,att,30,10,10,0.95,10000,48.75196433067322,5000,-1,50,0.05,0.1
8,705,32.21371642164121,1.2137164216412089,[7 3 2 1 9 9 5 0 3 8],SA,att,30,10,10,0.95,10000,48.7372088432312,5000,-1,50,0.05,0.1
8,720,32.21371642164121,1.2137164216412089,[7 3 2 1 9 9 5 0 3 8],SA,att,30,10,10,0.95,10000,48.681862354278564,5000,-1,50,0.05,0.1
8,735,32.21371642164121,1.2137164216412089,[7 3 2 1 9 9 5 0 3 8],SA,att,30,10,10,0.95,10000,48.69213604927063,5000,-1,50,0.05,0.1
8,750,32.21371642164121,1.2137164216412089,[7 3 2 1 9 9 5 0 3 8],SA,att,30,10,10,0.95,10000,48.72874355316162,5000,-1,50,0.05,0.1
8,765,32.21371642164121,1.2137164216412089,[7 3 2 1 9 9 5 0 3 8],SA,att,30,10,10,0.95,10000,48.6884548664093,5000,-1,50,0.05,0.1
8,780,32.21371642164121,1.2137164216412089,[7 3 2 1 9 9 5 0 3 8],SA,att,30,10,10,0.95,10000,48.70776104927063,5000,-1,50,0.05,0.1
8,795,32.21371642164121,1.2137164216412089,[7 3 2 1 9 9 5 0 3 8],SA,att,30,10,10,0.95,10000,48.76880431175232,5000,-1,50,0.05,0.1
8,810,32.21371642164121,1.2137164216412089,[7 3 2 1 9 9 5 0 3 8],SA,att,30,10,10,0.95,10000,48.76500463485718,5000,-1,50,0.05,0.1
8,825,32.21371642164121,1.2137164216412089,[7 3 2 1 9 9 5 0 3 8],SA,att,30,10,10,0.95,10000,48.47746968269348,5000,-1,50,0.05,0.1
8,840,32.21371642164121,1.2137164216412089,[7 3 2 1 9 9 5 0 3 8],SA,att,30,10,10,0.95,10000,48.6295645236969,5000,-1,50,0.05,0.1
8,855,32.21371642164121,1.2137164216412089,[7 3 2 1 9 9 5 0 3 8],SA,att,30,10,10,0.95,10000,48.781054735183716,5000,-1,50,0.05,0.1
8,870,32.21371642164121,1.2137164216412089,[7 3 2 1 9 9 5 0 3 8],SA,att,30,10,10,0.95,10000,48.75811433792114,5000,-1,50,0.05,0.1
8,885,32.21371642164121,1.2137164216412089,[7 3 2 1 9 9 5 0 3 8],SA,att,30,10,10,0.95,10000,48.70126485824585,5000,-1,50,0.05,0.1
8,900,32.21371642164121,1.2137164216412089,[7 3 2 1 9 9 5 0 3 8],SA,att,30,10,10,0.95,10000,48.76162266731262,5000,-1,50,0.05,0.1
8,915,32.21371642164121,1.2137164216412089,[7 3 2 1 9 9 5 0 3 8],SA,att,30,10,10,0.95,10000,48.88874268531799,5000,-1,50,0.05,0.1
8,930,32.21371642164121,1.2137164216412089,[7 3 2 1 9 9 5 0 3 8],SA,att,30,10,10,0.95,10000,48.887041091918945,5000,-1,50,0.05,0.1
8,945,32.21371642164121,1.2137164216412089,[7 3 2 1 9 9 5 0 3 8],SA,att,30,10,10,0.95,10000,48.86176609992981,5000,-1,50,0.05,0.1
8,960,32.21371642164121,1.2137164216412089,[7 3 2 1 9 9 5 0 3 8],SA,att,30,10,10,0.95,10000,48.83645677566528,5000,-1,50,0.05,0.1
8,975,32.21371642164121,1.2137164216412089,[7 3 2 1 9 9 5 0 3 8],SA,att,30,10,10,0.95,10000,48.91591501235962,5000,-1,50,0.05,0.1
8,990,32.21371642164121,1.2137164216412089,[7 3 2 1 9 9 5 0 3 8],SA,att,30,10,10,0.95,10000,48.842103481292725,5000,-1,50,0.05,0.1
8,1005,32.21371642164121,1.2137164216412089,[7 3 2 1 9 9 5 0 3 8],SA,att,30,10,10,0.95,10000,48.77624034881592,5000,-1,50,0.05,0.1
8,1020,32.21371642164121,1.2137164216412089,[7 3 2 1 9 9 5 0 3 8],SA,att,30,10,10,0.95,10000,48.762715339660645,5000,-1,50,0.05,0.1
8,1035,32.21371642164121,1.2137164216412089,[7 3 2 1 9 9 5 0 3 8],SA,att,30,10,10,0.95,10000,48.85508942604065,5000,-1,50,0.05,0.1
8,1050,32.21371642164121,1.2137164216412089,[7 3 2 1 9 9 5 0 3 8],SA,att,30,10,10,0.95,10000,48.896252393722534,5000,-1,50,0.05,0.1
8,1065,32.21371642164121,1.2137164216412089,[7 3 2 1 9 9 5 0 3 8],SA,att,30,10,10,0.95,10000,48.758291482925415,5000,-1,50,0.05,0.1
8,1080,32.21371642164121,1.2137164216412089,[7 3 2 1 9 9 5 0 3 8],SA,att,30,10,10,0.95,10000,48.733805418014526,5000,-1,50,0.05,0.1
8,1095,32.21371642164121,1.2137164216412089,[7 3 2 1 9 9 5 0 3 8],SA,att,30,10,10,0.95,10000,48.71044087409973,5000,-1,50,0.05,0.1
8,1110,32.21371642164121,1.2137164216412089,[7 3 2 1 9 9 5 0 3 8],SA,att,30,10,10,0.95,10000,43.35932731628418,5000,-1,50,0.05,0.1
8,1125,32.21371642164121,1.2137164216412089,[7 3 2 1 9 9 5 0 3 8],SA,att,30,10,10,0.95,10000,43.10155153274536,5000,-1,50,0.05,0.1
8,1140,32.21371642164121,1.2137164216412089,[7 3 2 1 9 9 5 0 3 8],SA,att,30,10,10,0.95,10000,42.90408635139465,5000,-1,50,0.05,0.1
8,1155,32.21371642164121,1.2137164216412089,[7 3 2 1 9 9 5 0 3 8],SA,att,30,10,10,0.95,10000,42.938323736190796,5000,-1,50,0.05,0.1
8,1170,32.21371642164121,1.2137164216412089,[7 3 2 1 9 9 5 0 3 8],SA,att,30,10,10,0.95,10000,42.82890701293945,5000,-1,50,0.05,0.1
8,1185,32.21371642164121,1.2137164216412089,[7 3 2 1 9 9 5 0 3 8],SA,att,30,10,10,0.95,10000,42.81512713432312,5000,-1,50,0.05,0.1
8,1200,32.21371642164121,1.2137164216412089,[7 3 2 1 9 9 5 0 3 8],SA,att,30,10,10,0.95,10000,42.87925171852112,5000,-1,50,0.05,0.1
9,15,22.34187349913919,-8.65812650086081,[7 5 0 4 5 3 7 7 9 8],SA,att,30,10,10,0.95,10000,49.90028119087219,5000,-1,50,0.05,0.1
9,30,22.34187349913919,-8.65812650086081,[7 5 0 4 5 3 7 7 9 8],SA,att,30,10,10,0.95,10000,49.81396222114563,5000,-1,50,0.05,0.1
9,45,23.576408852013646,-7.423591147986354,[1 7 5 0 2 3 8 9 3 2],SA,att,30,10,10,0.95,10000,49.794339656829834,5000,-1,50,0.05,0.1
9,60,25.548961356849382,-5.451038643150618,[0 8 5 1 2 9 1 9 3 5],SA,att,30,10,10,0.95,10000,49.77324938774109,5000,-1,50,0.05,0.1
9,75,25.548961356849382,-5.451038643150618,[0 8 5 1 2 9 1 9 3 5],SA,att,30,10,10,0.95,10000,49.82907962799072,5000,-1,50,0.05,0.1
9,90,26.181274168536845,-4.818725831463155,[3 3 6 9 9 9 8 8 4 7],SA,att,30,10,10,0.95,10000,49.887763023376465,5000,-1,50,0.05,0.1
9,105,26.422318758387572,-4.577681241612428,[7 8 0 2 9 9 6 2 3 3],SA,att,30,10,10,0.95,10000,50.14634108543396,5000,-1,50,0.05,0.1
9,120,30.552224057949537,-0.44777594205046256,[7 3 7 1 9 9 5 8 3 8],SA,att,30,10,10,0.95,10000,50.125487089157104,5000,-1,50,0.05,0.1
9,135,30.552224057949537,-0.44777594205046256,[7 3 8 1 9 9 5 8 3 8],SA,att,30,10,10,0.95,10000,50.02689576148987,5000,-1,50,0.05,0.1
9,150,30.552224057949537,-0.44777594205046256,[7 3 8 1 9 9 5 8 3 8],SA,att,30,10,10,0.95,10000,50.174339294433594,5000,-1,50,0.05,0.1
9,165,30.552224057949537,-0.44777594205046256,[7 3 8 1 9 9 5 8 3 8],SA,att,30,10,10,0.95,10000,50.04968810081482,5000,-1,50,0.05,0.1
9,180,30.552224057949537,-0.44777594205046256,[7 3 8 1 9 9 5 8 3 8],SA,att,30,10,10,0.95,10000,50.034854888916016,5000,-1,50,0.05,0.1
9,195,30.552224057949537,-0.44777594205046256,[7 3 8 1 9 9 5 8 3 8],SA,att,30,10,10,0.95,10000,50.15559244155884,5000,-1,50,0.05,0.1
9,210,30.552224057949537,-0.44777594205046256,[7 3 8 1 9 9 5 8 3 8],SA,att,30,10,10,0.95,10000,50.20201897621155,5000,-1,50,0.05,0.1
9,225,30.552224057949537,-0.44777594205046256,[7 3 8 1 9 9 5 8 3 8],SA,att,30,10,10,0.95,10000,50.03154230117798,5000,-1,50,0.05,0.1
9,240,30.552224057949537,-0.44777594205046256,[7 3 8 1 9 9 5 8 3 8],SA,att,30,10,10,0.95,10000,50.12261748313904,5000,-1,50,0.05,0.1
9,255,30.552224057949537,-0.44777594205046256,[7 3 8 1 9 9 5 8 3 8],SA,att,30,10,10,0.95,10000,50.17350745201111,5000,-1,50,0.05,0.1
9,270,30.552224057949537,-0.44777594205046256,[7 3 2 1 9 9 5 8 3 9],SA,att,30,10,10,0.95,10000,50.10798907279968,5000,-1,50,0.05,0.1
9,285,31.18818420635723,0.18818420635723143,[7 3 4 1 9 9 5 0 3 8],SA,att,30,10,10,0.95,10000,50.07763600349426,5000,-1,50,0.05,0.1
9,300,31.18818420635723,0.18818420635723143,[7 3 2 1 9 9 5 0 3 8],SA,att,30,10,10,0.95,10000,50.05528211593628,5000,-1,50,0.05,0.1
9,315,31.18818420635723,0.18818420635723143,[7 3 2 1 9 9 5 0 3 8],SA,att,30,10,10,0.95,10000,50.03250479698181,5000,-1,50,0.05,0.1
9,330,31.18818420635723,0.18818420635723143,[7 3 2 1 9 9 5 0 3 8],SA,att,30,10,10,0.95,10000,50.06963515281677,5000,-1,50,0.05,0.1
9,345,32.10156212523053,1.1015621252305294,[7 3 2 1 9 9 5 0 3 9],SA,att,30,10,10,0.95,10000,49.97952127456665,5000,-1,50,0.05,0.1
9,360,32.10156212523053,1.1015621252305294,[7 3 2 1 9 9 5 0 3 9],SA,att,30,10,10,0.95,10000,49.96711277961731,5000,-1,50,0.05,0.1
9,375,32.10156212523053,1.1015621252305294,[7 3 2 1 9 9 5 0 3 9],SA,att,30,10,10,0.95,10000,49.94190764427185,5000,-1,50,0.05,0.1
9,390,32.19569663515099,1.1956966351509877,[7 3 2 1 9 9 5 0 3 8],SA,att,30,10,10,0.95,10000,50.016347885131836,5000,-1,50,0.05,0.1
9,405,32.217737622819755,1.2177376228197545,[7 3 2 1 9 9 5 0 3 6],SA,att,30,10,10,0.95,10000,50.024444580078125,5000,-1,50,0.05,0.1
9,420,32.217737622819755,1.2177376228197545,[7 3 2 1 9 9 5 0 3 6],SA,att,30,10,10,0.95,10000,49.80983638763428,5000,-1,50,0.05,0.1
9,435,32.217737622819755,1.2177376228197545,[7 3 2 1 9 9 5 0 3 6],SA,att,30,10,10,0.95,10000,49.98585629463196,5000,-1,50,0.05,0.1
9,450,32.217737622819755,1.2177376228197545,[7 3 2 1 9 9 5 0 3 6],SA,att,30,10,10,0.95,10000,49.99464178085327,5000,-1,50,0.05,0.1
9,465,32.217737622819755,1.2177376228197545,[7 3 2 1 9 9 5 0 3 6],SA,att,30,10,10,0.95,10000,49.953924894332886,5000,-1,50,0.05,0.1
9,480,32.217737622819755,1.2177376228197545,[7 3 2 1 9 9 5 0 3 6],SA,att,30,10,10,0.95,10000,50.04177474975586,5000,-1,50,0.05,0.1
9,495,32.217737622819755,1.2177376228197545,[7 3 2 1 9 9 5 0 3 6],SA,att,30,10,10,0.95,10000,49.91439986228943,5000,-1,50,0.05,0.1
9,510,32.217737622819755,1.2177376228197545,[7 3 2 1 9 9 5 0 3 6],SA,att,30,10,10,0.95,10000,49.96424913406372,5000,-1,50,0.05,0.1
9,525,32.217737622819755,1.2177376228197545,[7 3 2 1 9 9 5 0 3 6],SA,att,30,10,10,0.95,10000,50.03539061546326,5000,-1,50,0.05,0.1
9,540,32.217737622819755,1.2177376228197545,[7 3 2 1 9 9 5 0 3 6],SA,att,30,10,10,0.95,10000,50.01899194717407,5000,-1,50,0.05,0.1
9,555,32.217737622819755,1.2177376228197545,[7 3 2 1 9 9 5 0 3 6],SA,att,30,10,10,0.95,10000,50.04859447479248,5000,-1,50,0.05,0.1
9,570,32.217737622819755,1.2177376228197545,[7 3 2 1 9 9 5 0 3 6],SA,att,30,10,10,0.95,10000,50.01009750366211,5000,-1,50,0.05,0.1
9,585,32.217737622819755,1.2177376228197545,[7 3 2 1 9 9 5 0 3 8],SA,att,30,10,10,0.95,10000,49.933547496795654,5000,-1,50,0.05,0.1
9,600,32.217737622819755,1.2177376228197545,[7 3 2 1 9 9 5 0 3 8],SA,att,30,10,10,0.95,10000,49.99343276023865,5000,-1,50,0.05,0.1
9,615,32.22271042160067,1.2227104216006666,[7 3 2 1 9 9 5 0 3 6],SA,att,30,10,10,0.95,10000,50.036338567733765,5000,-1,50,0.05,0.1
9,630,32.22271042160067,1.2227104216006666,[7 3 2 1 9 9 5 0 3 8],SA,att,30,10,10,0.95,10000,50.03648233413696,5000,-1,50,0.05,0.1
9,645,32.22271042160067,1.2227104216006666,[7 3 2 1 9 9 5 0 3 8],SA,att,30,10,10,0.95,10000,50.02251315116882,5000,-1,50,0.05,0.1
9,660,32.22271042160067,1.2227104216006666,[7 3 2 1 9 9 5 0 3 8],SA,att,30,10,10,0.95,10000,49.928157329559326,5000,-1,50,0.05,0.1
9,675,32.22271042160067,1.2227104216006666,[7 3 2 1 9 9 5 0 3 8],SA,att,30,10,10,0.95,10000,50.09274506568909,5000,-1,50,0.05,0.1
9,690,32.22271042160067,1.2227104216006666,[7 3 2 1 9 9 5 0 3 8],SA,att,30,10,10,0.95,10000,50.0446879863739,5000,-1,50,0.05,0.1
9,705,32.22271042160067,1.2227104216006666,[7 3 2 1 9 9 5 0 3 8],SA,att,30,10,10,0.95,10000,50.06317710876465,5000,-1,50,0.05,0.1
9,720,32.22306577397385,1.2230657739738504,[7 3 2 1 9 9 5 0 3 6],SA,att,30,10,10,0.95,10000,50.04739284515381,5000,-1,50,0.05,0.1
9,735,32.22306577397385,1.2230657739738504,[7 3 2 1 9 9 5 0 3 6],SA,att,30,10,10,0.95,10000,50.08479166030884,5000,-1,50,0.05,0.1
9,750,32.22306577397385,1.2230657739738504,[7 3 2 1 9 9 5 0 3 6],SA,att,30,10,10,0.95,10000,49.9609055519104,5000,-1,50,0.05,0.1
9,765,32.22306577397385,1.2230657739738504,[7 3 2 1 9 9 5 0 3 6],SA,att,30,10,10,0.95,10000,49.92721152305603,5000,-1,50,0.05,0.1
9,780,32.22306577397385,1.2230657739738504,[7 3 2 1 9 9 5 0 3 6],SA,att,30,10,10,0.95,10000,49.95480751991272,5000,-1,50,0.05,0.1
9,795,32.22306577397385,1.2230657739738504,[7 3 2 1 9 9 5 0 3 6],SA,att,30,10,10,0.95,10000,49.87216401100159,5000,-1,50,0.05,0.1
9,810,32.22306577397385,1.2230657739738504,[7 3 2 1 9 9 5 0 3 6],SA,att,30,10,10,0.95,10000,49.963706493377686,5000,-1,50,0.05,0.1
9,825,32.22306577397385,1.2230657739738504,[7 3 2 1 9 9 5 0 3 6],SA,att,30,10,10,0.95,10000,50.03662395477295,5000,-1,50,0.05,0.1
9,840,32.22306577397385,1.2230657739738504,[7 3 2 1 9 9 5 0 3 6],SA,att,30,10,10,0.95,10000,49.8974175453186,5000,-1,50,0.05,0.1
9,855,32.22306577397385,1.2230657739738504,[7 3 2 1 9 9 5 0 3 6],SA,att,30,10,10,0.95,10000,49.954787254333496,5000,-1,50,0.05,0.1
9,870,32.22306577397385,1.2230657739738504,[7 3 2 1 9 9 5 0 3 6],SA,att,30,10,10,0.95,10000,50.08057379722595,5000,-1,50,0.05,0.1
9,885,32.22306577397385,1.2230657739738504,[7 3 2 1 9 9 5 0 3 6],SA,att,30,10,10,0.95,10000,50.04416298866272,5000,-1,50,0.05,0.1
9,900,32.224348252011595,1.2243482520115947,[7 3 2 1 9 9 5 0 3 6],SA,att,30,10,10,0.95,10000,50.09753656387329,5000,-1,50,0.05,0.1
9,915,32.224348252011595,1.2243482520115947,[7 3 2 1 9 9 5 0 3 6],SA,att,30,10,10,0.95,10000,50.10088038444519,5000,-1,50,0.05,0.1
9,930,32.224348252011595,1.2243482520115947,[7 3 2 1 9 9 5 0 3 6],SA,att,30,10,10,0.95,10000,50.12353563308716,5000,-1,50,0.05,0.1
9,945,32.224348252011595,1.2243482520115947,[7 3 2 1 9 9 5 0 3 6],SA,att,30,10,10,0.95,10000,50.06308364868164,5000,-1,50,0.05,0.1
9,960,32.224348252011595,1.2243482520115947,[7 3 2 1 9 9 5 0 3 6],SA,att,30,10,10,0.95,10000,50.11007308959961,5000,-1,50,0.05,0.1
9,975,32.224348252011595,1.2243482520115947,[7 3 2 1 9 9 5 0 3 6],SA,att,30,10,10,0.95,10000,50.101073265075684,5000,-1,50,0.05,0.1
9,990,32.224348252011595,1.2243482520115947,[7 3 2 1 9 9 5 0 3 6],SA,att,30,10,10,0.95,10000,49.98366165161133,5000,-1,50,0.05,0.1
9,1005,32.224348252011595,1.2243482520115947,[7 3 2 1 9 9 5 0 3 6],SA,att,30,10,10,0.95,10000,50.16840052604675,5000,-1,50,0.05,0.1
9,1020,32.224348252011595,1.2243482520115947,[7 3 2 1 9 9 5 0 3 6],SA,att,30,10,10,0.95,10000,49.99193716049194,5000,-1,50,0.05,0.1
9,1035,32.224348252011595,1.2243482520115947,[7 3 2 1 9 9 5 0 3 6],SA,att,30,10,10,0.95,10000,49.955849409103394,5000,-1,50,0.05,0.1
9,1050,32.224348252011595,1.2243482520115947,[7 3 2 1 9 9 5 0 3 6],SA,att,30,10,10,0.95,10000,50.067203760147095,5000,-1,50,0.05,0.1
9,1065,32.224348252011595,1.2243482520115947,[7 3 2 1 9 9 5 0 3 6],SA,att,30,10,10,0.95,10000,49.95749521255493,5000,-1,50,0.05,0.1
9,1080,32.224348252011595,1.2243482520115947,[7 3 2 1 9 9 5 0 3 6],SA,att,30,10,10,0.95,10000,49.951380252838135,5000,-1,50,0.05,0.1
9,1095,32.224348252011595,1.2243482520115947,[7 3 2 1 9 9 5 0 3 6],SA,att,30,10,10,0.95,10000,50.1585419178009,5000,-1,50,0.05,0.1
9,1110,32.224348252011595,1.2243482520115947,[7 3 2 1 9 9 5 0 3 6],SA,att,30,10,10,0.95,10000,49.953798055648804,5000,-1,50,0.05,0.1
9,1125,32.224348252011595,1.2243482520115947,[7 3 2 1 9 9 5 0 3 6],SA,att,30,10,10,0.95,10000,49.997211933135986,5000,-1,50,0.05,0.1
9,1140,32.224348252011595,1.2243482520115947,[7 3 2 1 9 9 5 0 3 6],SA,att,30,10,10,0.95,10000,50.03223538398743,5000,-1,50,0.05,0.1
9,1155,32.224348252011595,1.2243482520115947,[7 3 2 1 9 9 5 0 3 6],SA,att,30,10,10,0.95,10000,49.979567766189575,5000,-1,50,0.05,0.1
9,1170,32.224348252011595,1.2243482520115947,[7 3 2 1 9 9 5 0 3 6],SA,att,30,10,10,0.95,10000,46.73327565193176,5000,-1,50,0.05,0.1
9,1185,32.224348252011595,1.2243482520115947,[7 3 2 1 9 9 5 0 3 6],SA,att,30,10,10,0.95,10000,47.274083852767944,5000,-1,50,0.05,0.1
9,1200,32.224348252011595,1.2243482520115947,[7 3 2 1 9 9 5 0 3 6],SA,att,30,10,10,0.95,10000,47.903173208236694,5000,-1,50,0.05,0.1
